"","country","submit.x","eval","cnt_prs","cnt_pri","s_m_sub","pri_merge_rate","prs_merge_rate","submit.y"
"1","algeria",1,NA,1,NA,NA,NA,0,1
"2","argentina",489,483,122,44,78,47.41,59.51,489
"3","armenia",13,14,1,1,0,100,100,13
"4","australia",2871,3158,481,166,315,47.09,58.52,2871
"5","austria",345,349,61,23,38,61.6,58.55,345
"6","azerbaijan",75,9,1,1,0,55.56,84,75
"7","bangladesh",15,1,2,1,1,0,80,15
"8","belarus",732,299,67,28,39,64.21,73.22,732
"9","belgium",1870,1716,164,62,102,89.28,83.48,1870
"10","bermuda",22,7,1,1,0,57.14,54.55,22
"11","bolivia",81,19,6,5,1,10.53,71.6,81
"12","bosnia and herzegovina",10,1,5,1,4,0,40,10
"13","brazil",2950,3689,524,185,339,70.56,63.39,2950
"14","brunei",10,3,1,1,0,0,30,10
"15","bulgaria",135,166,33,11,22,86.14,69.63,135
"16","cambodia",3,1,3,1,2,0,66.67,3
"17","canada",3933,3324,652,240,412,69.25,65.9,3933
"18","chile",475,449,32,10,22,95.77,93.26,475
"19","china",1341,627,327,116,211,62.36,60.55,1341
"20","colombia",298,228,31,8,23,76.32,70.81,298
"21","costa rica",12,4,6,2,4,0,41.67,12
"22","croatia",68,59,11,5,6,81.36,82.35,68
"23","cuba",1,NA,1,NA,NA,NA,100,1
"24","cyprus",1,NA,1,NA,NA,NA,100,1
"25","czech republic",1597,1191,137,67,70,67.76,65.87,1597
"26","denmark",569,161,123,42,81,55.28,58.35,569
"27","dominican republic",22,3,4,1,3,0,68.18,22
"28","ecuador",27,23,4,3,1,86.96,88.89,27
"29","egypt",34,51,15,6,9,72.55,61.76,34
"30","el salvador",4,NA,4,NA,NA,NA,75,4
"31","estonia",221,145,37,12,25,88.28,79.64,221
"32","finland",668,392,103,35,68,72.96,69.16,668
"33","france",5407,4957,736,273,463,72.52,68.3,5407
"34","georgia",7,NA,4,NA,NA,NA,28.57,7
"35","germany",6660,6137,1158,393,765,72.9,62.19,6660
"36","ghana",3,1,2,1,1,0,66.67,3
"37","greece",688,487,44,18,26,81.93,80.96,688
"38","guatemala",3,1,3,1,2,0,33.33,3
"39","honduras",3,1,3,1,2,0,33.33,3
"40","hong kong",177,126,27,14,13,74.6,67.8,177
"41","hungary",490,425,56,28,28,76.71,78.16,490
"42","iceland",75,10,22,6,16,0,68,75
"43","india",2883,1077,353,141,212,42.34,66.77,2883
"44","indonesia",64,12,26,8,18,41.67,67.19,64
"45","iran",27,10,13,7,6,0,40.74,27
"46","ireland",259,249,69,21,48,46.99,54.83,259
"47","israel",294,465,67,29,38,35.05,47.28,294
"48","italy",1614,1246,205,78,127,71.67,65.61,1614
"49","jamaica",13,11,3,1,2,100,92.31,13
"50","japan",3126,1657,455,130,325,76.89,76.74,3126
"51","jersey",231,213,22,5,17,95.31,87.45,231
"52","jordan",1,NA,1,NA,NA,NA,0,1
"53","kazakhstan",8,NA,6,NA,NA,NA,50,8
"54","kenya",34,37,6,2,4,43.24,44.12,34
"55","kuwait",1,NA,1,NA,NA,NA,0,1
"56","kyrgyzstan",39,2,8,2,6,0,64.1,39
"57","latvia",223,308,26,10,16,76.62,72.2,223
"58","lebanon",5,1,4,1,3,0,40,5
"59","lithuania",31,3,13,2,11,33.33,51.61,31
"60","luxembourg",10,NA,7,NA,NA,NA,40,10
"61","macedonia",91,10,4,2,2,0,56.04,91
"62","malaysia",39,12,14,4,10,8.33,53.85,39
"63","mali",27,18,1,1,0,0,14.81,27
"64","malta",1,NA,1,NA,NA,NA,0,1
"65","martinique",1,NA,1,NA,NA,NA,100,1
"66","mauritius",2,1,1,1,0,0,50,2
"67","mexico",217,214,66,32,34,76.17,58.06,217
"68","moldova",39,10,11,4,7,10,46.15,39
"69","mongolia",7,1,4,1,3,0,57.14,7
"70","montenegro",2,1,1,1,0,0,0,2
"71","morocco",9,3,5,3,2,33.33,66.67,9
"72","mozambique",1,1,1,1,0,0,0,1
"73","nepal",10,3,4,2,2,0,50,10
"74","netherlands",2205,2154,412,145,267,76.09,70.75,2205
"75","new zealand",712,1065,94,33,61,78.12,68.96,712
"76","nicaragua",2,1,1,1,0,0,50,2
"77","nigeria",7,NA,2,NA,NA,NA,14.29,7
"78","None",157,NA,53,NA,NA,NA,59.24,157
"79","norway",533,648,140,51,89,47.07,62.66,533
"80","pakistan",30,13,7,3,4,84.62,50,30
"81","palestinian territories",5,1,1,1,0,0,0,5
"82","panama",12,NA,3,NA,NA,NA,75,12
"83","paraguay",8,2,3,2,1,0,50,8
"84","peru",297,28,18,7,11,7.14,62.63,297
"85","philippines",147,75,34,11,23,81.33,59.18,147
"86","poland",843,1997,197,53,144,74.11,67.5,843
"87","portugal",440,198,92,34,58,41.41,45.91,440
"88","puerto rico",20,8,7,3,4,0,50,20
"89","qatar",1,NA,1,NA,NA,NA,100,1
"90","reunion",2,NA,2,NA,NA,NA,50,2
"91","romania",792,559,74,31,43,80.5,78.54,792
"92","russia",2112,903,509,158,351,53.27,59.61,2112
"93","rwanda",1,NA,1,NA,NA,NA,100,1
"94","saint helena",1,1,1,1,0,0,0,1
"95","san marino",6,2,1,1,0,0,0,6
"96","saudi arabia",91,71,4,2,2,88.73,90.11,91
"97","senegal",3,NA,2,NA,NA,NA,0,3
"98","serbia",174,33,17,7,10,33.33,39.66,174
"99","singapore",211,38,60,12,48,39.47,55.45,211
"100","slovakia",49,14,19,10,9,21.43,30.61,49
"101","slovenia",213,47,28,10,18,6.38,37.56,213
"102","south africa",1378,1008,70,24,46,92.46,91.22,1378
"103","south korea",245,133,49,17,32,11.28,57.55,245
"104","spain",1730,1519,272,95,177,82.29,75.09,1730
"105","sri lanka",19,4,6,3,3,50,68.42,19
"106","sweden",1635,1477,293,85,208,72.78,61.83,1635
"107","switzerland",2675,2534,166,76,90,77.58,77.31,2675
"108","taiwan",184,32,51,15,36,46.88,56.52,184
"109","thailand",56,8,14,4,10,12.5,50,56
"110","trinidad and tobago",7,1,2,1,1,100,71.43,7
"111","tunisia",12,3,4,2,2,0,0,12
"112","turkey",296,502,60,15,45,88.45,74.32,296
"113","uganda",6,6,3,3,0,33.33,33.33,6
"114","ukraine",1202,1060,194,74,120,71.98,56.99,1202
"115","united arab emirates",9,34,5,3,2,97.06,66.67,9
"116","united kingdom",14758,14776,1277,499,778,75.42,79.43,14758
"117","united states",55633,64641,6621,2594,4027,68.94,70.71,55633
"118","uruguay",176,780,33,10,23,85.64,76.14,176
"119","uzbekistan",1,NA,1,NA,NA,NA,0,1
"120","venezuela",19,151,12,3,9,98.68,57.89,19
"121","vietnam",214,186,24,16,8,7.53,22.43,214
"122","virgin islands",13,6,1,1,0,0,0,13
"123","zambia",13,1,1,1,0,0,53.85,13
