"","repo_name","merge_rate","count(pr_id).x","cnt_prs.x","cnt_dev.x","s_c_same.x","s_c_rate.x","count(pr_id).y","cnt_prs.y","cnt_dev.y","s_c_same.y","s_c_rate.y"
"1","10gen-labs/mongo-web-shell",33.33,3,2,2,3,100,3,2,2,3,100
"2","4teamwork/ftw.contentpage",93.33,45,3,3,6,13.33,45,3,3,6,13.33
"3","A24Group/ssGWT-lib",100,26,2,2,24,92.31,26,2,2,24,92.31
"4","acrmp/chefspec",8,75,29,29,18,24,75,29,29,18,24
"5","Activiti/Activiti",79.41,34,11,13,4,11.76,34,11,13,4,11.76
"6","adhearsion/adhearsion",87.1,62,10,10,29,46.77,62,10,10,29,46.77
"7","adlnet/ADL_LRS",100,1,1,1,1,100,1,1,1,1,100
"8","aeolusproject/conductor",57.29,96,9,11,52,54.17,96,9,11,52,54.17
"9","aerogear/aerogear-android",67.16,67,6,7,17,25.37,67,6,7,17,25.37
"10","aichallenge/aichallenge",72.22,36,21,26,5,13.89,36,21,26,5,13.89
"11","airbrake/airbrake",77.38,84,72,77,8,9.52,84,72,77,8,9.52
"12","airlift/airlift",83.33,90,4,4,86,95.56,90,4,4,86,95.56
"13","akka/akka",85.04,341,47,47,265,77.71,341,47,47,265,77.71
"14","alexreisner/geocoder",55.73,131,103,104,8,6.11,131,103,104,8,6.11
"15","alibaba/druid",100,243,6,7,222,91.36,243,6,7,222,91.36
"16","allegro/ralph",91,100,5,5,11,11,100,5,5,11,11
"17","alphagov/backdrop",100,57,8,9,13,22.81,57,8,9,13,22.81
"18","alphagov/design-principles",83.05,118,22,27,27,22.88,118,22,27,27,22.88
"19","alphagov/EFG",96.82,157,7,8,25,15.92,157,7,8,25,15.92
"20","alphagov/frontend",94.04,470,40,42,23,4.89,470,40,42,23,4.89
"21","alphagov/gds-api-adapters",96.08,102,16,17,8,7.84,102,16,17,8,7.84
"22","alphagov/govuk_content_api",95.59,136,15,17,7,5.15,136,15,17,7,5.15
"23","alphagov/govuk_content_models",97.17,106,17,18,8,7.55,106,17,18,8,7.55
"24","alphagov/panopticon",91.75,97,14,15,14,14.43,97,14,15,14,14.43
"25","alphagov/pp-puppet",95.43,175,8,8,20,11.43,175,8,8,20,11.43
"26","alphagov/publisher",91.49,141,21,23,19,13.48,141,21,23,19,13.48
"27","alphagov/rummager",94.84,155,22,23,26,16.77,155,22,23,26,16.77
"28","alphagov/signonotron2",90.7,86,22,23,8,9.3,86,22,23,8,9.3
"29","alphagov/smart-answers",96.98,629,28,28,30,4.77,629,28,28,30,4.77
"30","alphagov/support",93.81,113,6,15,37,32.74,113,6,15,37,32.74
"31","alphagov/trade-tariff-backend",95.65,23,5,6,16,69.57,23,5,6,16,69.57
"32","alphagov/transition",93.75,64,5,5,8,12.5,64,5,5,8,12.5
"33","alphagov/whitehall",92.87,855,35,36,94,10.99,855,35,36,94,10.99
"34","amatsuda/kaminari",61.76,102,77,78,17,16.67,102,77,78,17,16.67
"35","amet/script.xbmc.subtitles",93.94,33,15,16,2,6.06,33,15,16,2,6.06
"36","amplab/shark",83.61,61,12,12,31,50.82,61,12,12,31,50.82
"37","anathema/anathema",90,10,1,2,2,20,10,1,2,2,20
"38","AndlyticsProject/andlytics",94.94,79,3,3,79,100,79,3,3,79,100
"39","andrew/24pullrequests",91.67,312,85,85,42,13.46,312,85,85,42,13.46
"40","andrew/split",91.36,81,43,43,5,6.17,81,43,43,5,6.17
"41","andymccurdy/redis-py",68.42,57,48,49,5,8.77,57,48,49,5,8.77
"42","Ank13/ops_hospital_mapper",0,2,1,1,2,100,2,1,1,2,100
"43","antirez/lamernews",68.57,35,22,23,2,5.71,35,22,23,2,5.71
"44","antirez/redis-doc",82.98,47,38,40,4,8.51,47,38,40,4,8.51
"45","antlr/antlr4",94,150,8,8,117,78,150,8,8,117,78
"46","AOKP/packages_apps_ROMControl",29.41,17,7,7,13,76.47,17,7,7,13,76.47
"47","apache/cordova-blackberry",0,31,7,7,31,100,31,7,7,31,100
"48","apache/cordova-docs",0,23,11,11,23,100,23,11,11,23,100
"49","apache/libcloud",0,58,27,27,58,100,58,27,27,58,100
"50","aparo/pyes",91.25,80,48,48,7,8.75,80,48,48,7,8.75
"51","apigee/usergrid-stack",88.02,167,12,13,13,7.78,167,12,13,13,7.78
"52","applicake/doorkeeper",78.43,102,49,49,10,9.8,102,49,49,10,9.8
"53","AppScale/appscale",93.1,29,1,1,29,100,29,1,1,29,100
"54","AppScale/appscale-tools",91.67,24,2,2,23,95.83,24,2,2,23,95.83
"55","aptivate/econsensus",63.64,22,4,5,11,50,22,4,5,11,50
"56","ArcBees/GWTP",76.4,89,8,8,75,84.27,89,8,8,75,84.27
"57","arduino/Arduino",17.95,39,20,21,27,69.23,39,20,21,27,69.23
"58","arskom/spyne",84.88,86,14,14,46,53.49,86,14,14,46,53.49
"59","arthurbenemann/droidplanner",0,3,1,1,3,100,3,1,1,3,100
"60","artsalliancemedia/redmine",95,20,1,1,20,100,20,1,1,20,100
"61","arvida/emoji-cheat-sheet.com",78.95,76,53,54,3,3.95,76,53,54,3,3.95
"62","asciidoctor/asciidoctor",97.92,337,10,10,230,68.25,337,10,10,230,68.25
"63","ASPP/pelita",71.43,7,1,1,7,100,7,1,1,7,100
"64","Athou/commafeed",0,1,1,1,1,100,1,1,1,1,100
"65","atlasapi/atlas",94.1,322,8,8,121,37.58,322,8,8,121,37.58
"66","atlasapi/atlas-feeds",97.1,69,3,3,22,31.88,69,3,3,22,31.88
"67","atlasapi/atlas-model",94.06,101,4,4,51,50.5,101,4,4,51,50.5
"68","atlasapi/atlas-persistence",95.6,91,3,3,41,45.05,91,3,3,41,45.05
"69","aufdemrand/Denizen",100,1,1,1,1,100,1,1,1,1,100
"70","autotest/autotest",8.91,101,15,15,41,40.59,101,15,15,41,40.59
"71","autotest/virt-test",34.7,219,17,17,74,33.79,219,17,17,74,33.79
"72","avoinministerio/avoinministerio",100,1,1,2,0,0,1,1,2,0,0
"73","awestruct/awestruct",94.68,94,17,18,23,24.47,94,17,18,23,24.47
"74","aws/aws-cli",0,1,1,2,0,0,1,1,2,0,0
"75","aws/aws-sdk-ruby",82.48,137,87,87,16,11.68,137,87,87,16,11.68
"76","axemblr/axemblr-provisionr",88,25,2,2,20,80,25,2,2,20,80
"77","axsh/wakame-vdc",98.31,178,5,6,166,93.26,178,5,6,166,93.26
"78","azavea/geotrellis",4.72,106,4,4,36,33.96,106,4,4,36,33.96
"79","azavea/OpenTreeMap",100,69,7,7,61,88.41,69,7,7,61,88.41
"80","azavea/OTM2",97.56,369,5,5,359,97.29,369,5,5,359,97.29
"81","balanced/balanced-docs",100,47,7,9,39,82.98,47,7,9,39,82.98
"82","BaseXdb/basex",94.55,220,13,14,16,7.27,220,13,14,16,7.27
"83","basho/basho_docs",88.54,96,28,29,77,80.21,96,28,29,77,80.21
"84","basho/riak-java-client",93.41,182,23,25,146,80.22,182,23,25,146,80.22
"85","basho/riak-python-client",85.37,123,36,40,60,48.78,123,36,40,60,48.78
"86","basho/ripple",20,5,4,5,2,40,5,4,5,2,40
"87","bbatsov/rubocop",89.33,150,33,33,9,6,150,33,33,9,6
"88","bbatsov/ruby-style-guide",100,8,7,8,0,0,8,7,8,0,0
"89","bblimke/webmock",72.63,95,66,68,12,12.63,95,66,68,12,12.63
"90","bcardarella/client_side_validations",60.47,86,56,57,13,15.12,86,56,57,13,15.12
"91","bcdev/beam",50,2,2,2,2,100,2,2,2,2,100
"92","Bcfg2/bcfg2",73.91,23,6,7,1,4.35,23,6,7,1,4.35
"93","belaban/JGroups",60.34,58,13,14,4,6.9,58,13,14,4,6.9
"94","benoitc/gunicorn",32.58,89,58,59,23,25.84,89,58,59,23,25.84
"95","berkmancenter/chillingeffects",94.27,192,3,3,188,97.92,192,3,3,188,97.92
"96","bigbluebutton/bigbluebutton",91.94,62,11,12,13,20.97,62,11,12,13,20.97
"97","binaryage/totalfinder-i18n",95.31,128,37,38,4,3.13,128,37,38,4,3.13
"98","binarylogic/authlogic",76.19,42,38,40,1,2.38,42,38,40,1,2.38
"99","biom-format/biom-format",93.81,97,4,4,6,6.19,97,4,4,6,6.19
"100","biopython/biopython",23.44,128,30,30,19,14.84,128,30,30,19,14.84
"101","bitbar/testdroid-api",78.57,14,1,1,14,100,14,1,1,14,100
"102","bitcoin/bitcoin.org",54.55,11,5,5,11,100,11,5,5,11,100
"103","Bitmessage/PyBitmessage",0,5,5,5,5,100,5,5,5,5,100
"104","blueboxgroup/ursula",95.24,42,3,3,28,66.67,42,3,3,28,66.67
"105","bmabey/database_cleaner",75.31,81,63,64,7,8.64,81,63,64,7,8.64
"106","bobuk/addmeto.cc",64.8,125,57,58,11,8.8,125,57,58,11,8.8
"107","boersmamarcel/challengesplatform",91.95,87,3,3,26,29.89,87,3,3,26,29.89
"108","boto/boto",70,260,112,114,109,41.92,260,112,114,109,41.92
"109","boto/botocore",50,4,3,3,2,50,4,3,3,2,50
"110","bread-and-pepper/django-userena",77.03,74,48,49,3,4.05,74,48,49,3,4.05
"111","brianmario/mysql2",82.98,94,44,46,33,35.11,94,44,46,33,35.11
"112","BrightcoveOS/Diamond",91.61,155,60,60,10,6.45,155,60,60,10,6.45
"113","brooklyncentral/brooklyn",41.43,70,7,7,66,94.29,70,7,7,66,94.29
"114","buildbot/buildbot",81.13,318,73,74,102,32.08,318,73,74,102,32.08
"115","BuildCraft/BuildCraft",0,10,5,5,10,100,10,5,5,10,100
"116","Bukkit/Bukkit",8.7,92,54,56,39,42.39,92,54,56,39,42.39
"117","Bukkit/CraftBukkit",3.49,86,58,61,44,51.16,86,58,61,44,51.16
"118","bundler/bundler",58.51,417,246,250,49,11.75,417,246,250,49,11.75
"119","c00w/bitHopper",98.65,74,5,6,0,0,74,5,6,0,0
"120","caelum/vraptor",66.18,68,29,30,14,20.59,68,29,30,14,20.59
"121","caelum/vraptor4",81.54,65,2,3,63,96.92,65,2,3,63,96.92
"122","cakephp/docs",95.3,532,122,125,41,7.71,532,122,125,41,7.71
"123","caktus/django-timepiece",91.38,290,6,6,243,83.79,290,6,6,243,83.79
"124","calabash/calabash-android",86.15,65,25,26,3,4.62,65,25,26,3,4.62
"125","calblueprint/BPSF",25,4,1,1,4,100,4,1,1,4,100
"126","calblueprint/usomc-rails",98.28,58,2,2,38,65.52,58,2,2,38,65.52
"127","camptocamp/c2cgeoportal",97.48,357,7,7,350,98.04,357,7,7,350,98.04
"128","candlepin/candlepin",85.11,47,7,7,12,25.53,47,7,7,12,25.53
"129","candlepin/python-rhsm",85.71,14,5,5,3,21.43,14,5,5,3,21.43
"130","candlepin/subscription-manager",78.4,125,6,6,38,30.4,125,6,6,38,30.4
"131","capedwarf/capedwarf-blue",0,1,1,1,1,100,1,1,1,1,100
"132","carlhuda/bundler",48.8,125,84,89,18,14.4,125,84,89,18,14.4
"133","carrierwaveuploader/carrierwave",66.82,214,158,161,16,7.48,214,158,161,16,7.48
"134","Catrobat/Catroid",100,2,1,1,2,100,2,1,1,2,100
"135","cbeust/testng",80.3,66,25,26,5,7.58,66,25,26,5,7.58
"136","celery/celery",36.36,220,147,148,17,7.73,220,147,148,17,7.73
"137","celery/kombu",49.15,59,51,53,0,0,59,51,53,0,0
"138","cellcounter/cellcounter",93.51,77,2,2,72,93.51,77,2,2,72,93.51
"139","celluloid/celluloid",84.41,186,51,52,51,27.42,186,51,52,51,27.42
"140","ceph/ceph-deploy",50,4,2,3,2,50,4,2,3,2,50
"141","ceph/teuthology",66.67,9,2,2,8,88.89,9,2,2,8,88.89
"142","cexbrayat/linkit",0,3,1,1,3,100,3,1,1,3,100
"143","ceylon/ceylon-compiler",71.67,60,6,9,14,23.33,60,6,9,14,23.33
"144","cfpb/regulations-parser",0,1,1,1,1,100,1,1,1,1,100
"145","cgeo/cgeo",95.9,195,17,17,99,50.77,195,17,17,99,50.77
"146","cgeo/c-geo-opensource",47.33,131,11,11,70,53.44,131,11,11,70,53.44
"147","chiliproject/chiliproject",52.34,107,27,27,29,27.1,107,27,27,29,27.1
"148","chrisallenlane/cheat",94.23,52,23,24,1,1.92,52,23,24,1,1.92
"149","chriseppstein/compass",43.89,221,147,147,29,13.12,221,147,147,29,13.12
"150","cidadania/e-cidadania",82.88,111,8,9,11,9.91,111,8,9,11,9.91
"151","ciudadanointeligente/candidator",97.37,114,7,7,96,84.21,114,7,7,96,84.21
"152","ciudadanointeligente/votainteligente-portal-electoral",95.27,148,4,4,139,93.92,148,4,4,139,93.92
"153","ciudadanointeligente/write-it",98.33,180,3,3,173,96.11,180,3,3,173,96.11
"154","Clashnia/Minecraft-Demigods",0,151,2,2,151,100,151,2,2,151,100
"155","clawpack/pyclaw",88.79,107,7,7,70,65.42,107,7,7,70,65.42
"156","clearsightstudio/ProMotion",0,7,7,7,7,100,7,7,7,7,100
"157","clojure/clojure",0,4,4,4,4,100,4,4,4,4,100
"158","ClouDev/CloudBot",0,2,1,1,2,100,2,1,1,2,100
"159","cloudfoundry/bosh",27,100,22,29,42,42,100,22,29,42,42
"160","cloudfoundry/cloud_controller_ng",55.56,27,18,25,12,44.44,27,18,25,12,44.44
"161","cloudfoundry/vcap",8.33,24,19,22,19,79.17,24,19,22,19,79.17
"162","Cloudhunter/OpenCCSensors",98.68,76,3,3,73,96.05,76,3,3,73,96.05
"163","CloudifySource/cloudify",66.67,3,1,1,3,100,3,1,1,3,100
"164","Cloudname/cloudname",88.89,9,4,4,8,88.89,9,4,4,8,88.89
"165","cms-analysis/HiggsAnalysis-HiggsToTauTau",75,4,2,2,3,75,4,2,2,3,75
"166","cobbler/cobbler",91.43,70,20,21,33,47.14,70,20,21,33,47.14
"167","CocoaPods/CocoaPods",71.23,73,46,47,26,35.62,73,46,47,26,35.62
"168","codahale/dropwizard",51.72,145,65,66,3,2.07,145,65,66,3,2.07
"169","codahale/metrics",57.47,87,53,54,5,5.75,87,53,54,5,5.75
"170","code-dot-org/dashboard",80,10,1,1,10,100,10,1,1,10,100
"171","codeforamerica/brigade",81.68,131,31,32,43,32.82,131,31,32,43,32.82
"172","codetriage/codetriage",89.21,139,44,44,31,22.3,139,44,44,31,22.3
"173","coldstar96/cse403",66.67,6,1,1,6,100,6,1,1,6,100
"174","collective/collective.cover",87.93,58,11,12,18,31.03,58,11,12,18,31.03
"175","collective/collective.developermanual",93.75,64,40,47,17,26.56,64,40,47,17,26.56
"176","comfy/comfortable-mexican-sofa",78.89,90,53,55,7,7.78,90,53,55,7,7.78
"177","COMP3111H-Project-Team/BallCraft",91.14,79,1,1,79,100,79,1,1,79,100
"178","concerto/concerto",87.8,82,7,9,51,62.2,82,7,9,51,62.2
"179","CONNECT-Solution/CONNECT",89.25,93,4,4,24,25.81,93,4,4,24,25.81
"180","Connexions/cnx-archive",100,3,1,1,3,100,3,1,1,3,100
"181","Connexions/oer.exports",55.56,9,2,3,3,33.33,9,2,3,3,33.33
"182","Craig-Macomber/WeatherOracle",94.12,68,1,1,68,100,68,1,1,68,100
"183","crawljax/crawljax",80,20,3,3,16,80,20,3,3,16,80
"184","CruGlobal/missionhub",100,67,4,4,67,100,67,4,4,67,100
"185","CS340Group/hit",100,100,2,2,94,94,100,2,2,94,94
"186","cuckoobox/cuckoo",0,4,4,4,4,100,4,4,4,4,100
"187","cucumber/cucumber",67.62,105,76,78,18,17.14,105,76,78,18,17.14
"188","cucumber/cucumber-jvm",73.19,138,64,64,26,18.84,138,64,64,26,18.84
"189","cucumber/gherkin",61.22,49,38,39,8,16.33,49,38,39,8,16.33
"190","cyberdelia/django-pipeline",53.52,71,45,45,11,15.49,71,45,45,11,15.49
"191","cylc/cylc",100,3,1,1,3,100,3,1,1,3,100
"192","cython/cython",75,8,4,5,6,75,8,4,5,6,75
"193","dana-i2cat/opennaas",91.8,707,9,9,105,14.85,707,9,9,105,14.85
"194","dart-lang/pub-dartlang",88.03,117,7,7,110,94.02,117,7,7,110,94.02
"195","datastax/java-driver",57.69,104,24,25,16,15.38,104,24,25,16,15.38
"196","DataTorrent/Malhar",92.86,14,1,1,14,100,14,1,1,14,100
"197","davidhalter/jedi",38.46,13,5,5,11,84.62,13,5,5,11,84.62
"198","DayhomeRegistry/dayhomes",100,27,3,3,2,7.41,27,3,3,2,7.41
"199","dCache/dcache",92.5,160,4,4,42,26.25,160,4,4,42,26.25
"200","ddollar/foreman",67.48,123,87,88,10,8.13,123,87,88,10,8.13
"201","Deadrik/TFCraft",0,2,1,1,2,100,2,1,1,2,100
"202","deegree/deegree3",93.33,135,3,3,106,78.52,135,3,3,106,78.52
"203","defnull/bottle",83.87,93,44,45,8,8.6,93,44,45,8,8.6
"204","dellcloudedge/barclamp-network",43.9,41,3,3,20,48.78,41,3,3,20,48.78
"205","delving/culture-hub",88.89,27,2,2,9,33.33,27,2,2,9,33.33
"206","delving/sip-creator",91.67,36,1,2,4,11.11,36,1,2,4,11.11
"207","demandchain/galaxy-client",75,4,1,1,4,100,4,1,1,4,100
"208","dianping/cat",100,6,1,1,6,100,6,1,1,6,100
"209","diaspora/diaspora",73.88,425,79,84,112,26.35,425,79,84,112,26.35
"210","dimagi/casexml",86.21,29,5,5,12,41.38,29,5,5,12,41.38
"211","dimagi/commcare-hq",92.07,391,7,7,103,26.34,391,7,7,103,26.34
"212","dimagi/dimagi-utils",90,20,6,6,3,15,20,6,6,3,15
"213","dimagi/logistics",96.08,51,3,3,31,60.78,51,3,3,31,60.78
"214","DIRACGrid/DIRAC",0,36,4,4,36,100,36,4,4,36,100
"215","DirectEmployers/MyJobs",77.78,27,2,3,6,22.22,27,2,3,6,22.22
"216","divio/django-cms",37.5,48,28,28,33,68.75,48,28,28,33,68.75
"217","divio/django-shop",84.44,90,25,25,27,30,90,25,25,27,30
"218","django-debug-toolbar/django-debug-toolbar",75.38,65,51,52,5,7.69,65,51,52,5,7.69
"219","django/django",36.64,453,214,219,181,39.96,453,214,219,181,39.96
"220","django/django-old",0,3,3,3,3,100,3,3,3,3,100
"221","django-extensions/django-extensions",60.87,23,19,21,5,21.74,23,19,21,5,21.74
"222","dmwm/WMCore",22.22,9,2,2,9,100,9,2,2,9,100
"223","doctrine/orm-documentation",87.76,49,35,37,4,8.16,49,35,37,4,8.16
"224","drapergem/draper",86.8,197,77,77,12,6.09,197,77,77,12,6.09
"225","droolsjbpm/drools",38.46,26,14,15,11,42.31,26,14,15,11,42.31
"226","droolsjbpm/guvnor",93.48,46,9,11,11,23.91,46,9,11,11,23.91
"227","droolsjbpm/jbpm",60,10,5,7,3,30,10,5,7,3,30
"228","DSpace/DSpace",92,125,17,18,73,58.4,125,17,18,73,58.4
"229","dtolabs/rundeck",0,1,1,1,1,100,1,1,1,1,100
"230","duke-libraries/dul-hydra",100,40,1,1,40,100,40,1,1,40,100
"231","edavis10/redmine",0,4,4,4,4,100,4,4,4,4,100
"232","edelight/chef-mongodb",50,12,10,12,5,41.67,12,10,12,5,41.67
"233","edx/configuration",87.5,88,8,8,86,97.73,88,8,8,86,97.73
"234","edx/edx-platform",86.97,783,38,38,733,93.61,783,38,38,733,93.61
"235","edx/XBlock",96.12,103,6,6,94,91.26,103,6,6,94,91.26
"236","Eichhoernchen/SiriServer",47.62,21,7,8,7,33.33,21,7,8,7,33.33
"237","elasticsearch/elasticsearch",26.92,286,58,58,232,81.12,286,58,58,232,81.12
"238","Eldorados/script.module.urlresolver",100,13,5,6,0,0,13,5,6,0,0
"239","elision/elision",75,4,3,3,4,100,4,3,3,4,100
"240","emberjs/ember-rails",75.86,145,70,76,33,22.76,145,70,76,33,22.76
"241","emesene/emesene",94.05,84,11,11,36,42.86,84,11,11,36,42.86
"242","endosnipe/ENdoSnipe",100,84,1,1,84,100,84,1,1,84,100
"243","engineyard/ey-cloud-recipes",88.41,69,30,34,16,23.19,69,30,34,16,23.19
"244","enthought/chaco",81.82,33,13,13,18,54.55,33,13,13,18,54.55
"245","enthought/enaml",66.67,3,2,3,2,66.67,3,2,3,2,66.67
"246","enthought/enstaller",83.58,67,8,10,37,55.22,67,8,10,37,55.22
"247","eregs/regulations-site",40,20,2,2,12,60,20,2,2,12,60
"248","errbit/errbit",84.27,248,92,93,27,10.89,248,92,93,27,10.89
"249","essentials/Essentials",27.17,92,25,26,40,43.48,92,25,26,40,43.48
"250","ets-berkeley-edu/calcentral",91.81,647,6,6,60,9.27,647,6,6,60,9.27
"251","eucalyptus/eutester",77.05,122,13,13,51,41.8,122,13,13,51,41.8
"252","eventmachine/eventmachine",76.6,47,36,37,10,21.28,47,36,37,10,21.28
"253","everzet/capifony",72.79,136,66,67,8,5.88,136,66,67,8,5.88
"254","evildmp/afraid-to-commit",0,4,4,4,4,100,4,4,4,4,100
"255","excilys/androidannotations",90.77,195,19,20,113,57.95,195,19,20,113,57.95
"256","excilys/gatling",89.43,123,12,12,46,37.4,123,12,12,46,37.4
"257","exercism/exercism.io",95.54,157,37,37,11,7.01,157,37,37,11,7.01
"258","exoplatform/ecms",0,23,6,6,19,82.61,23,6,6,19,82.61
"259","exoplatform/exogtn",0,12,3,3,11,91.67,12,3,3,11,91.67
"260","exoplatform/jcr",11.11,18,2,3,8,44.44,18,2,3,8,44.44
"261","exoplatform/ks",6.25,16,5,5,16,100,16,5,5,16,100
"262","exoplatform/platform",16.28,43,7,7,32,74.42,43,7,7,32,74.42
"263","exoplatform/social",4.41,68,8,8,32,47.06,68,8,8,32,47.06
"264","expertiza/expertiza",61.9,21,18,19,7,33.33,21,18,19,7,33.33
"265","fabric/fabric",41.89,74,60,60,11,14.86,74,60,60,11,14.86
"266","facebook/swift",88.46,26,3,3,26,100,26,3,3,26,100
"267","facebook/tornado",3.7,27,25,25,27,100,27,25,25,27,100
"268","fail2ban/fail2ban",85.71,98,5,5,95,96.94,98,5,5,95,96.94
"269","fatfreecrm/fat_free_crm",76.19,42,22,24,5,11.9,42,22,24,5,11.9
"270","FCP-INDI/C-PAC",83.64,55,4,4,30,54.55,55,4,4,30,54.55
"271","feincms/feincms",14.29,7,6,7,6,85.71,7,6,7,6,85.71
"272","fernandezpablo85/scribe-java",21.18,85,63,64,9,10.59,85,63,64,9,10.59
"273","filipg/amu_automata_2011",90,80,11,12,1,1.25,80,11,12,1,1.25
"274","Findwise/Hydra",87.88,66,4,4,61,92.42,66,4,4,61,92.42
"275","flavour/eden",69.66,145,15,16,29,20,145,15,16,29,20
"276","floodlight/floodlight",86.73,113,14,14,91,80.53,113,14,14,91,80.53
"277","floodlight/loxigen",75,12,3,3,10,83.33,12,3,3,10,83.33
"278","flpjck/flapjack",90.32,31,4,4,21,67.74,31,4,4,21,67.74
"279","fluent/fluentd",72.94,85,29,30,20,23.53,85,29,30,20,23.53
"280","fog/fog",91.22,1093,320,321,301,27.54,1093,320,321,301,27.54
"281","forcedotcom/phoenix",26.67,15,4,4,15,100,15,4,4,15,100
"282","forcedotcom/SalesforceMobileSDK-Android",95.45,110,1,1,110,100,110,1,1,110,100
"283","forge/core",79.02,224,28,30,54,24.11,224,28,30,54,24.11
"284","ForgeEssentials/ForgeEssentialsMain",100,1,1,1,1,100,1,1,1,1,100
"285","FoundationDB/sql-layer",20,5,2,2,4,80,5,2,2,4,80
"286","freenet/fred-staging",5.56,18,7,8,16,88.89,18,7,8,16,88.89
"287","freyja-dev/unity-tweak-tool",100,1,1,1,1,100,1,1,1,1,100
"288","futures/fcrepo4",69.64,56,7,7,34,60.71,56,7,7,34,60.71
"289","gabrielfalcao/lettuce",65.85,82,51,52,8,9.76,82,51,52,8,9.76
"290","ganglia/gmond_python_modules",90,40,26,28,3,7.5,40,26,28,3,7.5
"291","gatein/gatein-portal",11.19,143,14,14,33,23.08,143,14,14,33,23.08
"292","Gazler/githug",0,8,8,8,8,100,8,8,8,8,100
"293","geemus/excon",76.19,63,43,43,9,14.29,63,43,43,9,14.29
"294","gem/oq-engine",97.31,297,4,4,296,99.66,297,4,4,296,99.66
"295","georchestra/georchestra",85.05,107,2,2,58,54.21,107,2,2,58,54.21
"296","geoserver/geoserver",81.73,104,20,20,48,46.15,104,20,20,48,46.15
"297","geotools/geotools",79.17,96,21,22,39,40.63,96,21,22,39,40.63
"298","geotrellis/geotrellis",95.8,143,5,5,71,49.65,143,5,5,71,49.65
"299","getpelican/pelican",65.88,211,111,111,40,18.96,211,111,111,40,18.96
"300","getrailo/railo",0,5,4,4,5,100,5,4,4,5,100
"301","getsentry/raven-python",89.87,158,85,85,18,11.39,158,85,85,18,11.39
"302","getsentry/sentry",86.97,238,104,104,23,9.66,238,104,104,23,9.66
"303","ghoseb/planet.clojure",85.96,57,53,55,1,1.75,57,53,55,1,1.75
"304","ginatrapani/todo.txt-touch",0,21,6,7,2,9.52,21,6,7,2,9.52
"305","ging/planet2012",0,2,2,2,2,100,2,2,2,2,100
"306","gitblit/gitblit",79.69,64,33,34,2,3.13,64,33,34,2,3.13
"307","github/android",10.53,76,26,27,9,11.84,76,26,27,9,11.84
"308","github/developer.github.com",88,225,130,133,59,26.22,225,130,133,59,26.22
"309","github/github-services",89.19,296,190,192,34,11.49,296,190,192,34,11.49
"310","github/gitscm-next",51.39,72,41,41,6,8.33,72,41,41,6,8.33
"311","github/linguist",67.23,357,240,242,69,19.33,357,240,242,69,19.33
"312","gitlabhq/gitlab-ci",72.73,77,52,54,9,11.69,77,52,54,9,11.69
"313","gitlabhq/gitlabhq",68.4,807,345,345,137,16.98,807,345,345,137,16.98
"314","gittip/www.gittip.com",90.41,219,61,62,19,8.68,219,61,62,19,8.68
"315","gkhachik/katello-api",77.78,18,3,3,17,94.44,18,3,3,17,94.44
"316","goldrush/goldrush",99.25,133,2,2,133,100,133,2,2,133,100
"317","gpodder/gpodder",50,12,5,6,3,25,12,5,6,3,25
"318","gradle/gradle",69.05,42,28,33,6,14.29,42,28,33,6,14.29
"319","grails/grails-core",67.06,85,31,37,24,28.24,85,31,37,24,28.24
"320","gregbell/active_admin",65.65,329,149,149,112,34.04,329,149,149,112,34.04
"321","gregmarra/the-blue-alliance",89.71,175,6,6,57,32.57,175,6,6,57,32.57
"322","griddynamics/jagger",100,16,3,3,14,87.5,16,3,3,14,87.5
"323","griddynamics/OpenGenesis",82.68,127,3,3,109,85.83,127,3,3,109,85.83
"324","groovy/groovy-core",57.32,82,22,23,41,50,82,22,23,41,50
"325","grosser/parallel_tests",72.13,61,42,42,11,18.03,61,42,42,11,18.03
"326","guard/guard",83.9,118,77,78,20,16.95,118,77,78,20,16.95
"327","guardian/deploy",76.92,13,5,6,9,69.23,13,5,6,9,69.23
"328","guardian/frontend",95.83,1581,18,18,1478,93.49,1581,18,18,1478,93.49
"329","guardianproject/Gibberbot",0,44,3,3,43,97.73,44,3,3,43,97.73
"330","gwtbootstrap/gwt-bootstrap",86.96,69,18,18,20,28.99,69,18,18,20,28.99
"331","gxa/gxa",89.93,268,4,4,60,22.39,268,4,4,60,22.39
"332","haml/haml",35.71,70,57,59,5,7.14,70,57,59,5,7.14
"333","happypeter/onestep",83.91,87,3,3,50,57.47,87,3,3,50,57.47
"334","harrah/xsbt",0,10,4,4,10,100,10,4,4,10,100
"335","hazelcast/hazelcast",82.96,270,20,21,41,15.19,270,20,21,41,15.19
"336","hector-client/hector",84.15,82,41,42,12,14.63,82,41,42,12,14.63
"337","heroku/heroku",79.62,211,63,64,41,19.43,211,63,64,41,19.43
"338","heroku/heroku-buildpack-ruby",71.58,95,39,39,43,45.26,95,39,39,43,45.26
"339","hibernate/hibernate-ogm",52.11,142,10,11,26,18.31,142,10,11,26,18.31
"340","hibernate/hibernate-orm",14.56,158,50,51,61,38.61,158,50,51,61,38.61
"341","hibernate/hibernate-search",67.06,340,12,12,57,16.76,340,12,12,57,16.76
"342","hibernate/hibernate-validator",76.36,55,5,6,29,52.73,55,5,6,29,52.73
"343","hmarr/mongoengine",8.33,12,11,12,11,91.67,12,11,12,11,91.67
"344","holderdeord/hdo-site",94.12,34,8,9,1,2.94,34,8,9,1,2.94
"345","Homebrew/homebrew",0.87,461,222,222,95,20.61,461,222,222,95,20.61
"346","Homebrew/homebrew-dupes",1.39,72,54,56,7,9.72,72,54,56,7,9.72
"347","Homebrew/homebrew-science",6.52,92,47,50,37,40.22,92,47,50,37,40.22
"348","Homebrew/homebrew-versions",0,72,63,66,10,13.89,72,63,66,10,13.89
"349","hornetq/hornetq",90.48,273,9,9,36,13.19,273,9,9,36,13.19
"350","hotsh/rstat.us",82.56,258,50,52,50,19.38,258,50,52,50,19.38
"351","hpcugent/easybuild-easyblocks",95.33,214,7,7,191,89.25,214,7,7,191,89.25
"352","hpcugent/easybuild-easyconfigs",92.9,310,10,10,255,82.26,310,10,10,255,82.26
"353","hpcugent/easybuild-framework",97.57,412,7,8,283,68.69,412,7,8,283,68.69
"354","hub-cap/reddwarf_lite",91.5,153,7,8,81,52.94,153,7,8,81,52.94
"355","HUSACCT/HUSACCT",60,10,4,4,6,60,10,4,4,6,60
"356","hyde/hyde",60.47,43,20,21,5,11.63,43,20,21,5,11.63
"357","hylang/hy",85.45,110,16,16,11,10,110,16,16,11,10
"358","idan/oauthlib",20,5,5,6,4,80,5,5,6,4,80
"359","imathis/octopress",31.32,281,153,156,104,37.01,281,153,156,104,37.01
"360","infinispan/infinispan",23.05,282,20,21,54,19.15,282,20,21,54,19.15
"361","infinispan/infinispan-server",14.29,7,5,7,2,28.57,7,5,7,2,28.57
"362","ingenuitas/SimpleCV",46.22,119,17,18,18,15.13,119,17,18,18,15.13
"363","intalio/tempo",61.11,18,2,3,1,5.56,18,2,3,1,5.56
"364","integrity/integrity",0,2,1,1,2,100,2,1,1,2,100
"365","intridea/grape",81.01,158,91,91,22,13.92,158,91,91,22,13.92
"366","intridea/omniauth",77.7,148,110,113,4,2.7,148,110,113,4,2.7
"367","intuit/simple_deploy",93.33,45,5,5,12,26.67,45,5,5,12,26.67
"368","ipa320/cob_robots",97.06,34,5,5,25,73.53,34,5,5,25,73.53
"369","ippontech/tatami",89.84,128,16,17,43,33.59,128,16,17,43,33.59
"370","ipython/ipython",82.63,1451,121,121,576,39.7,1451,121,121,576,39.7
"371","ipython/nbconvert",84.09,44,11,12,22,50,44,11,12,22,50
"372","ironjacamar/ironjacamar",88.24,102,5,5,81,79.41,102,5,5,81,79.41
"373","IronLanguages/main",23.08,13,5,6,12,92.31,13,5,6,12,92.31
"374","irstv/orbisgis",90.91,22,1,1,22,100,22,1,1,22,100
"375","isenseDev/iSENSE-Hardware",100,6,1,1,6,100,6,1,1,6,100
"376","isenseDev/rSENSE",97.2,107,1,1,107,100,107,1,1,107,100
"377","JakeWharton/ActionBarSherlock",36.11,108,63,63,15,13.89,108,63,63,15,13.89
"378","jaliss/securesocial",0,9,6,6,9,100,9,6,6,9,100
"379","Jasig/cas",80,125,12,12,90,72,125,12,12,90,72
"380","Jasig/uPortal",68.42,57,14,15,10,17.54,57,14,15,10,17.54
"381","javan/whenever",48.05,77,60,61,5,6.49,77,60,61,5,6.49
"382","jayway/maven-android-plugin",40,10,7,8,6,60,10,7,8,6,60
"383","jbossas/jboss-as",5.05,277,34,34,112,40.43,277,34,34,112,40.43
"384","jboss-developer/jboss-eap-quickstarts",89.66,29,17,17,12,41.38,29,17,17,12,41.38
"385","jboss-fuse/fuse",1.49,67,11,12,59,88.06,67,11,12,59,88.06
"386","jboss-jdf/jboss-as-quickstart",5.41,37,12,12,25,67.57,37,12,12,25,67.57
"387","jboss-reddeer/reddeer",0,1,1,1,1,100,1,1,1,1,100
"388","jboss-switchyard/components",29.33,75,13,13,45,60,75,13,13,45,60
"389","jboss-switchyard/core",26.09,23,6,6,16,69.57,23,6,6,16,69.57
"390","jboss-switchyard/quickstarts",29.03,31,8,8,19,61.29,31,8,8,19,61.29
"391","jboss-switchyard/release",31.58,19,6,6,11,57.89,19,6,6,11,57.89
"392","jboss-switchyard/tools",60,20,2,4,15,75,20,2,4,15,75
"393","jbosstm/narayana",91.93,161,4,4,144,89.44,161,4,4,144,89.44
"394","jbosstm/quickstart",89.47,57,3,3,56,98.25,57,3,3,56,98.25
"395","jbosstools/jbosstools-base",36,50,7,7,19,38,50,7,7,19,38
"396","jbosstools/jbosstools-central",41.62,173,6,6,56,32.37,173,6,6,56,32.37
"397","jbosstools/jbosstools-integration-tests",16.67,6,2,3,5,83.33,6,2,3,5,83.33
"398","jbosstools/jbosstools-javaee",45.45,11,5,5,4,36.36,11,5,5,4,36.36
"399","jbosstools/jbosstools-jst",50,8,4,5,3,37.5,8,4,5,3,37.5
"400","jbosstools/jbosstools-openshift",90.2,306,8,8,287,93.79,306,8,8,287,93.79
"401","jbosstools/jbosstools-server",45.83,24,5,5,12,50,24,5,5,12,50
"402","jbosstools/jbosstools-vpe",70.59,51,5,6,29,56.86,51,5,6,29,56.86
"403","jclouds/jclouds",78.26,552,30,35,80,14.49,552,30,35,80,14.49
"404","jclouds/jclouds-karaf",12.12,66,3,3,64,96.97,66,3,3,64,96.97
"405","jedi4ever/veewee",81.79,346,182,183,31,8.96,346,182,183,31,8.96
"406","jenkinsci/gerrit-trigger-plugin",75.31,81,15,16,18,22.22,81,15,16,18,22.22
"407","jeremyevans/sequel",59.18,98,75,76,7,7.14,98,75,76,7,7.14
"408","JetBrains/intellij-community",3.57,28,13,14,7,25,28,13,14,7,25
"409","JetBrains/kotlin",61.02,59,14,18,22,37.29,59,14,18,22,37.29
"410","jezdez/django_compressor",2.08,48,33,34,13,27.08,48,33,34,13,27.08
"411","jfinkels/flask-restless",0,3,3,3,3,100,3,3,3,3,100
"412","jimweirich/rake",57.38,61,50,52,4,6.56,61,50,52,4,6.56
"413","jkoelker/quark",92.55,94,5,5,26,27.66,94,5,5,26,27.66
"414","jnicklas/capybara",59.82,219,129,132,34,15.53,219,129,132,34,15.53
"415","jnicklas/carrierwave",57.53,73,58,60,4,5.48,73,58,60,4,5.48
"416","jnraine/munkiserver",67.86,28,5,5,6,21.43,28,5,5,6,21.43
"417","jnunemaker/httparty",62.3,61,59,60,4,6.56,61,59,60,4,6.56
"418","jnunemaker/mongomapper",7.69,39,28,29,8,20.51,39,28,29,8,20.51
"419","jonleighton/poltergeist",68.83,77,55,56,11,14.29,77,55,56,11,14.29
"420","jordansissel/fpm",0,12,10,10,11,91.67,12,10,10,11,91.67
"421","josegonzalez/homebrew-php",2.13,376,130,130,103,27.39,376,130,130,103,27.39
"422","josevalim/inherited_resources",72.73,44,30,35,3,6.82,44,30,35,3,6.82
"423","jruby/activerecord-jdbc-adapter",58.91,129,59,62,11,8.53,129,59,62,11,8.53
"424","jruby/jruby",61.82,110,41,44,30,27.27,110,41,44,30,27.27
"425","junit-team/junit",92.65,136,39,40,15,11.03,136,39,40,15,11.03
"426","JustAboutJeff/who_run_it",60,5,2,2,3,60,5,2,2,3,60
"427","justinfrench/formtastic",76.12,134,79,80,21,15.67,134,79,80,21,15.67
"428","k9mail/k-9",57.14,49,16,16,21,42.86,49,16,16,21,42.86
"429","karmi/tire",1.1,91,70,71,11,12.09,91,70,71,11,12.09
"430","Katello/katello",86.53,1604,17,17,1407,87.72,1604,17,17,1407,87.72
"431","Katello/katello-cli",93.98,83,9,9,82,98.8,83,9,9,82,98.8
"432","kemayo/sublime-text-2-git",0,35,20,21,8,22.86,35,20,21,8,22.86
"433","kennethreitz/python-guide",0,7,6,6,7,100,7,6,6,7,100
"434","kennethreitz/requests",22.78,79,56,56,51,64.56,79,56,56,51,64.56
"435","kevinweil/elephant-bird",81.25,32,10,11,21,65.63,32,10,11,21,65.63
"436","kijiproject/kiji-schema",0,14,3,3,7,50,14,3,3,7,50
"437","kivy/kivy",23.08,13,6,6,13,100,13,6,6,13,100
"438","kliment/Printrun",0,4,2,2,4,100,4,2,2,4,100
"439","kmazanec/adopt-a-coder",100,3,1,1,3,100,3,1,1,3,100
"440","Kotti/Kotti",90.35,114,13,13,14,12.28,114,13,13,14,12.28
"441","kovidgoyal/calibre",85.71,7,6,7,1,14.29,7,6,7,1,14.29
"442","kytrinyx/exercism.io",0,197,72,72,7,3.55,197,72,72,7,3.55
"443","l0rdn1kk0n/wicket-bootstrap",72.73,22,8,8,8,36.36,22,8,8,8,36.36
"444","laas/morse",0,63,5,6,9,14.29,63,5,6,9,14.29
"445","leapcode/leap_client",0,22,1,1,20,90.91,22,1,1,20,90.91
"446","leapcode/soledad",71.43,7,1,1,7,100,7,1,1,7,100
"447","learningequality/ka-lite",90.91,22,3,3,14,63.64,22,3,3,14,63.64
"448","learning-unlimited/ESP-Website",0,1,1,2,0,0,1,1,2,0,0
"449","liferay/liferay-faces",0,3,2,2,3,100,3,2,2,3,100
"450","liferay/liferay-plugins",0,12,6,6,12,100,12,6,6,12,100
"451","liferay/liferay-portal",0,112,38,39,100,89.29,112,38,39,100,89.29
"452","lifo/docrails",0,32,32,34,16,50,32,32,34,16,50
"453","lift/framework",47.79,136,33,38,58,42.65,136,33,38,58,42.65
"454","liqd/adhocracy",78.31,83,7,7,33,39.76,83,7,7,33,39.76
"455","liquibase/liquibase",0,13,7,7,13,100,13,7,7,13,100
"456","lisa-lab/pylearn2",75.76,33,4,4,28,84.85,33,4,4,28,84.85
"457","lobid/lodmill",87.5,8,2,2,7,87.5,8,2,2,7,87.5
"458","localwiki/localwiki",80.23,86,13,13,36,41.86,86,13,13,36,41.86
"459","locomotivecms/engine",66.92,130,62,63,17,13.08,130,62,63,17,13.08
"460","logstash/logstash",49.43,87,43,43,48,55.17,87,43,43,48,55.17
"461","Lokaltog/powerline",32.73,55,27,28,10,18.18,55,27,28,10,18.18
"462","loopj/android-async-http",51.92,52,41,42,5,9.62,52,41,42,5,9.62
"463","lsegal/yard",59.49,79,35,36,8,10.13,79,35,36,8,10.13
"464","lusis/chef-logstash",68.89,90,43,43,23,25.56,90,43,43,23,25.56
"465","M66B/XPrivacy",92.77,83,3,4,2,2.41,83,3,4,2,2.41
"466","Maescool/Catacomb-Snatch",80.72,166,22,23,41,24.7,166,22,23,41,24.7
"467","magiclabs/alchemy_cms",54.93,71,8,8,12,16.9,71,8,8,12,16.9
"468","MagLev/maglev",79.22,77,11,11,53,68.83,77,11,11,53,68.83
"469","makerbot/ReplicatorG",30.77,13,8,11,4,30.77,13,8,11,4,30.77
"470","mandriva-management-console/mmc",62.5,24,2,2,15,62.5,24,2,2,15,62.5
"471","maplesyrup/maple-android",100,9,1,1,9,100,9,1,1,9,100
"472","MarkUsProject/Markus",84.78,138,11,11,28,20.29,138,11,11,28,20.29
"473","MasDennis/Rajawali",87.93,58,9,9,13,22.41,58,9,9,13,22.41
"474","matplotlib/matplotlib",85.6,903,75,77,420,46.51,903,75,77,420,46.51
"475","matschaffer/knife-solo",79.14,139,46,46,46,33.09,139,46,46,46,33.09
"476","maxcom/lorsource",96,25,7,7,6,24,25,7,7,6,24
"477","mbleigh/acts-as-taggable-on",0,8,8,8,8,100,8,8,8,8,100
"478","mcMMO-Dev/mcMMO",50,8,4,4,6,75,8,4,4,6,75
"479","mdipierro/web2py-book",0,2,1,1,2,100,2,1,1,2,100
"480","MediaCrush/MediaCrush",100,6,3,3,4,66.67,6,3,3,4,66.67
"481","MediaSapiens/flamaster",100,22,3,3,15,68.18,22,3,3,15,68.18
"482","meskyanichi/backup",55.56,45,30,31,13,28.89,45,30,31,13,28.89
"483","mesos/spark",87.04,324,37,37,48,14.81,324,37,37,48,14.81
"484","metamx/druid",0,6,3,3,6,100,6,3,3,6,100
"485","metashare/META-SHARE",90,30,2,2,20,66.67,30,2,2,20,66.67
"486","metomi/rose",91.67,12,1,1,12,100,12,1,1,12,100
"487","middleman/middleman",83.1,284,64,64,50,17.61,284,64,64,50,17.61
"488","middleman/middleman-guides",94,150,105,106,6,4,150,105,106,6,4
"489","midgetspy/Sick-Beard",39.83,118,72,72,38,32.2,118,72,72,38,32.2
"490","mifos/head",50,4,3,3,4,100,4,3,3,4,100
"491","mikel/mail",69.86,146,94,96,20,13.7,146,94,96,20,13.7
"492","MilkBowl/Vault",0,4,3,3,4,100,4,3,3,4,100
"493","MiloTischler/Operation-Valkyrie",86.21,29,1,1,29,100,29,1,1,29,100
"494","MinecraftForge/FML",0,3,3,3,3,100,3,3,3,3,100
"495","MinecraftForge/MinecraftForge",0,18,12,12,18,100,18,12,12,18,100
"496","ministryofjustice/tribunals",100,6,1,2,2,33.33,6,1,2,2,33.33
"497","miracle2k/webassets",77.78,45,32,33,1,2.22,45,32,33,1,2.22
"498","Mirantis/fuel",59.46,74,8,8,69,93.24,74,8,8,69,93.24
"499","mitchellh/vagrant",52.66,395,262,262,28,7.09,395,262,262,28,7.09
"500","mitsuhiko/flask",52.29,109,81,83,16,14.68,109,81,83,16,14.68
"501","mitsuhiko/jinja2",57.69,52,38,40,5,9.62,52,38,40,5,9.62
"502","mitsuhiko/werkzeug",48.57,70,50,51,13,18.57,70,50,51,13,18.57
"503","mne-tools/mne-python",90.91,154,8,8,52,33.77,154,8,8,52,33.77
"504","ModeShape/modeshape",82.93,334,13,13,297,88.92,334,13,13,297,88.92
"505","modilabs/formhub",34.85,66,6,7,45,68.18,66,6,7,45,68.18
"506","mojombo/jekyll",30.13,375,131,131,116,30.93,375,131,131,116,30.93
"507","molgenis/molgenis",97.62,84,4,4,10,11.9,84,4,4,10,11.9
"508","molgenis/systemsgenetics",71.43,7,1,1,7,100,7,1,1,7,100
"509","mongodb/docs",47.02,570,98,98,43,7.54,570,98,98,43,7.54
"510","mongodb/docs-ecosystem",21.28,47,21,22,2,4.26,47,21,22,2,4.26
"511","mongodb/mongo-java-driver",29.27,41,28,30,14,34.15,41,28,30,14,34.15
"512","mongodb/mongo-python-driver",65.38,26,13,13,14,53.85,26,13,13,14,53.85
"513","mongodb/mongo-ruby-driver",71.49,228,59,60,112,49.12,228,59,60,112,49.12
"514","mongoid/mongoid",50.84,478,207,210,50,10.46,478,207,210,50,10.46
"515","mopidy/mopidy",69.57,46,15,15,26,56.52,46,15,15,26,56.52
"516","mortardata/mortar",100,1,1,1,1,100,1,1,1,1,100
"517","MovingBlocks/Terasology",78.89,90,17,18,29,32.22,90,17,18,29,32.22
"518","mozilla/addon-sdk",85.74,659,32,32,546,82.85,659,32,32,546,82.85
"519","mozilla/Addon-Tests",86.39,316,18,18,38,12.03,316,18,18,38,12.03
"520","mozilla/affiliates",69.23,13,4,5,9,69.23,13,4,5,9,69.23
"521","mozilla/bedrock",83.35,1147,57,58,290,25.28,1147,57,58,290,25.28
"522","mozilla/django-browserid",40,5,5,6,3,60,5,5,6,3,60
"523","mozilla/dxr",71.79,78,8,8,57,73.08,78,8,8,57,73.08
"524","mozilla/fhr-jelly",97.01,134,6,6,23,17.16,134,6,6,23,17.16
"525","mozilla/firefox-flicks",86.76,68,5,6,43,63.24,68,5,6,43,63.24
"526","mozilla/fjord",23.53,34,6,6,31,91.18,34,6,6,31,91.18
"527","mozilla/kitsune",29.51,993,24,24,860,86.61,993,24,24,860,86.61
"528","mozilla/kuma",89.39,1499,40,40,143,9.54,1499,40,40,143,9.54
"529","mozilla/marketplace-tests",86.25,80,8,10,10,12.5,80,8,10,10,12.5
"530","mozilla/mcom-tests",83.67,49,9,11,7,14.29,49,9,11,7,14.29
"531","mozilla/mozilla-ignite",95.19,104,4,4,82,78.85,104,4,4,82,78.85
"532","mozilla/mozmill-ci",0,1,1,1,1,100,1,1,1,1,100
"533","mozilla/moztrap-tests",91.67,24,4,8,2,8.33,24,4,8,2,8.33
"534","mozilla/remo",92.49,546,18,18,327,59.89,546,18,18,327,59.89
"535","mozilla-services/android-sync",100,2,1,1,2,100,2,1,1,2,100
"536","mozilla-services/cornice",79.75,79,35,37,18,22.78,79,35,37,18,22.78
"537","mozilla/socorro",79.94,1017,19,19,723,71.09,1017,19,19,723,71.09
"538","mozilla/socorro-crashstats",80.51,313,10,10,185,59.11,313,10,10,185,59.11
"539","mozilla/Socorro-Tests",84.62,91,15,15,12,13.19,91,15,15,12,13.19
"540","mozilla/solitude",77.19,57,6,6,54,94.74,57,6,6,54,94.74
"541","mozilla/sumo-tests",95.92,49,9,10,4,8.16,49,9,10,4,8.16
"542","mozilla/webpay",90.29,206,13,14,176,85.44,206,13,14,176,85.44
"543","mozilla/zamboni",61.09,933,46,46,727,77.92,933,46,46,727,77.92
"544","mperham/dalli",79.31,87,61,62,5,5.75,87,61,62,5,5.75
"545","mperham/sidekiq",73.46,309,191,191,23,7.44,309,191,191,23,7.44
"546","mrjoes/flask-admin",37.5,8,3,3,8,100,8,3,3,8,100
"547","mrkipling/maraschino",78.38,74,7,8,25,33.78,74,7,8,25,33.78
"548","mulesoft/mule",73.68,76,8,8,22,28.95,76,8,8,22,28.95
"549","musicbrainz/picard",12.5,8,5,6,6,75,8,5,6,6,75
"550","mxcl/homebrew",0.51,4680,1714,1715,770,16.45,4680,1714,1715,770,16.45
"551","mysociety/alaveteli",90.83,229,12,13,68,29.69,229,12,13,68,29.69
"552","mysociety/pombola",70.83,24,5,5,22,91.67,24,5,5,22,91.67
"553","mytardis/mytardis",87.04,108,6,6,18,16.67,108,6,6,18,16.67
"554","nanoc/nanoc",72.22,36,9,9,23,63.89,36,9,9,23,63.89
"555","naparuba/shinken",11.11,9,5,5,9,100,9,5,5,9,100
"556","nathanmarz/storm",55.4,139,57,58,25,17.99,139,57,58,25,17.99
"557","neo4j/neo4j",69.95,559,31,31,215,38.46,559,31,31,215,38.46
"558","nesquena/rabl",66.13,62,48,49,5,8.06,62,48,49,5,8.06
"559","Netflix/astyanax",66.67,3,2,2,3,100,3,2,2,3,100
"560","Netflix/curator",92.56,121,17,17,96,79.34,121,17,17,96,79.34
"561","Netflix/Hystrix",0,1,1,1,1,100,1,1,1,1,100
"562","Netflix/Priam",93.33,150,17,18,118,78.67,150,17,18,118,78.67
"563","Netflix/RxJava",23.08,13,9,10,12,92.31,13,9,10,12,92.31
"564","Netflix/servo",93.33,30,3,3,27,90,30,3,3,27,90
"565","netty/netty",39.11,381,62,62,178,46.72,381,62,62,178,46.72
"566","networkx/networkx",94.59,111,19,19,78,70.27,111,19,19,78,70.27
"567","ne-utrino/neutrino",0,315,1,1,312,99.05,315,1,1,312,99.05
"568","newrelic/rpm",5.8,69,60,66,4,5.8,69,60,66,4,5.8
"569","nex3/sass",38.71,124,67,67,41,33.06,124,67,67,41,33.06
"570","nicolasgramlich/AndEngine",64.44,45,15,15,12,26.67,45,15,15,12,26.67
"571","NICTA/scoobi",34,50,10,10,24,48,50,10,10,24,48
"572","ninja-ide/ninja-ide",66.67,9,5,6,8,88.89,9,5,6,8,88.89
"573","nipy/dipy",89.92,129,8,9,16,12.4,129,8,9,16,12.4
"574","nipy/nibabel",92.75,69,7,7,62,89.86,69,7,7,62,89.86
"575","nipy/nipype",93.02,358,22,22,147,41.06,358,22,22,147,41.06
"576","nla/banjo",100,23,2,2,9,39.13,23,2,2,9,39.13
"577","nltk/nltk",75,16,9,9,3,18.75,16,9,9,3,18.75
"578","NoamB/sorcery",83.9,118,73,74,15,12.71,118,73,74,15,12.71
"579","non/spire",89.22,102,11,11,13,12.75,102,11,11,13,12.75
"580","norman/friendly_id",59.49,79,53,54,5,6.33,79,53,54,5,6.33
"581","Normation/rudder",84.02,169,6,6,27,15.98,169,6,6,27,15.98
"582","nose-devs/nose",20,5,5,6,4,80,5,5,6,4,80
"583","NUBIC/ncs_navigator_core",86.96,230,9,9,50,21.74,230,9,9,50,21.74
"584","NUBIC/surveyor",81.82,55,13,14,6,10.91,55,13,14,6,10.91
"585","nukomeet/coworfing",98.15,54,7,7,39,72.22,54,7,7,39,72.22
"586","OakCH/scheduler",40,5,1,1,5,100,5,1,1,5,100
"587","objectos/objectos-dojo",68,25,4,4,17,68,25,4,4,17,68
"588","ofri/Open-Knesset",84.62,13,4,5,2,15.38,13,4,5,2,15.38
"589","okfn/ckan",4.92,366,24,24,107,29.23,366,24,24,107,29.23
"590","omab/django-social-auth",81.56,179,117,119,12,6.7,179,117,119,12,6.7
"591","omaciel/robottelo",100,9,2,2,8,88.89,9,2,2,8,88.89
"592","onepercentclub/onepercentclub-site",94.44,378,5,5,331,87.57,378,5,5,331,87.57
"593","ooici/coi-services",91.06,660,11,11,313,47.42,660,11,11,313,47.42
"594","ooici/coverage-model",92.52,107,3,4,17,15.89,107,3,4,17,15.89
"595","ooici/ion-definitions",89.36,94,9,9,34,36.17,94,9,9,34,36.17
"596","ooici/ion-ux",57.14,21,3,4,11,52.38,21,3,4,11,52.38
"597","ooici/marine-integrations",92.59,54,5,5,29,53.7,54,5,5,29,53.7
"598","ooici/pyon",88.14,177,7,8,98,55.37,177,7,8,98,55.37
"599","OP2/PyOP2",100,2,1,1,2,100,2,1,1,2,100
"600","opal/opal",89.8,49,10,10,6,12.24,49,10,10,6,12.24
"601","opdemand/deis",100,11,4,4,6,54.55,11,4,4,6,54.55
"602","openfisca/openfisca",97.62,84,1,1,84,100,84,1,1,84,100
"603","openframeworks/ofSite",100,37,17,18,3,8.11,37,17,18,3,8.11
"604","opengeo/GeoGit",0,8,5,5,5,62.5,8,5,5,5,62.5
"605","openhatch/oh-mainline",28.57,7,6,7,5,71.43,7,6,7,5,71.43
"606","OpenIndiana/oi-userland",100,45,2,3,0,0,45,2,3,0,0
"607","OpenMDAO/OpenMDAO-Framework",95.78,521,7,7,205,39.35,521,7,7,205,39.35
"608","openMF/mifosx",75.93,108,5,6,11,10.19,108,5,6,11,10.19
"609","openmicroscopy/bioformats",58.62,58,7,7,26,44.83,58,7,7,26,44.83
"610","openmicroscopy/ome-documentation",85.35,198,14,14,54,27.27,198,14,14,54,27.27
"611","openmicroscopy/openmicroscopy",86.67,1320,14,14,411,31.14,1320,14,14,411,31.14
"612","opennode/opennode-knot",98.46,130,2,2,37,28.46,130,2,2,37,28.46
"613","openplans/OpenTripPlanner",36.96,46,12,14,1,2.17,46,12,14,1,2.17
"614","openshift/openshift-java-client",80,30,6,7,26,86.67,30,6,7,26,86.67
"615","openshift/origin-dev-tools",73.08,26,8,8,18,69.23,26,8,8,18,69.23
"616","openshift/origin-server",64.44,523,32,32,287,54.88,523,32,32,287,54.88
"617","openshift/rhc",57.45,47,11,13,31,65.96,47,11,13,31,65.96
"618","OpenSlides/OpenSlides",85.71,140,4,4,129,92.14,140,4,4,129,92.14
"619","openstreetmap/openstreetmap-website",0,104,15,15,15,14.42,104,15,15,15,14.42
"620","openSUSE/open-build-service",13.48,89,23,25,23,25.84,89,23,25,23,25.84
"621","opf/openproject",66.1,59,8,9,18,30.51,59,8,9,18,30.51
"622","opscode/bento",63.11,122,28,28,81,66.39,122,28,28,81,66.39
"623","opscode/chef",38.75,689,184,184,335,48.62,689,184,184,335,48.62
"624","opscode/chef-docs",90.38,104,46,47,4,3.85,104,46,47,4,3.85
"625","opscode/cookbooks",19.82,111,65,67,21,18.92,111,65,67,21,18.92
"626","opscode-cookbooks/apache2",48.39,62,47,49,5,8.06,62,47,49,5,8.06
"627","opscode-cookbooks/chef-client",45.88,85,48,48,13,15.29,85,48,48,13,15.29
"628","opscode-cookbooks/mysql",48.39,62,40,42,9,14.52,62,40,42,9,14.52
"629","opscode-cookbooks/nagios",0,115,24,25,37,32.17,115,24,25,37,32.17
"630","opscode-cookbooks/nginx",43.62,94,62,64,11,11.7,94,62,64,11,11.7
"631","opscode/knife-azure",71.43,63,9,10,45,71.43,63,9,10,45,71.43
"632","opscode/knife-ec2",43.33,90,52,55,33,36.67,90,52,55,33,36.67
"633","opscode/ohai",50,126,54,55,75,59.52,126,54,55,75,59.52
"634","opscode/omnibus-chef",64.29,70,17,17,56,80,70,17,17,56,80
"635","opscode/test-kitchen",0,86,43,43,32,37.21,86,43,43,32,37.21
"636","opsschool/curriculum",94.12,68,27,27,13,19.12,68,27,27,13,19.12
"637","osmandapp/Osmand",50,8,5,6,5,62.5,8,5,6,5,62.5
"638","OSU-Net/cyder",100,1,1,1,1,100,1,1,1,1,100
"639","otwcode/otwarchive",0,11,2,2,11,100,11,2,2,11,100
"640","overviewer/Minecraft-Overviewer",82.81,64,24,24,14,21.88,64,24,24,14,21.88
"641","owncloud/documentation",91.3,23,10,14,3,13.04,23,10,14,3,13.04
"642","padrino/padrino-framework",78.87,355,91,92,55,15.49,355,91,92,55,15.49
"643","pahimar/Equivalent-Exchange-3",0,10,7,7,10,100,10,7,7,10,100
"644","Pajk/apipie-rails",62.5,8,5,5,4,50,8,5,5,4,50
"645","Parquet/parquet-mr",93.02,129,11,12,62,48.06,129,11,12,62,48.06
"646","pat/thinking-sphinx",58.46,65,48,49,8,12.31,65,48,49,8,12.31
"647","pazz/alot",0,1,1,1,1,100,1,1,1,1,100
"648","pculture/miro",100,9,1,1,9,100,9,1,1,9,100
"649","pculture/unisubs",75.56,45,6,9,34,75.56,45,6,9,34,75.56
"650","pengwynn/octokit",64.62,65,38,39,7,10.77,65,38,39,7,10.77
"651","pennersr/django-allauth",58.06,93,49,50,5,5.38,93,49,50,5,5.38
"652","pentaho/big-data-plugin",95,40,4,5,16,40,40,4,5,16,40
"653","pentaho/data-access",82.43,74,9,9,41,55.41,74,9,9,41,55.41
"654","pentaho/mondrian",53.13,32,10,12,9,28.13,32,10,12,9,28.13
"655","pentaho/pentaho-commons-gwt-modules",100,34,5,7,21,61.76,34,5,7,21,61.76
"656","pentaho/pentaho-kettle",30.77,13,3,4,9,69.23,13,3,4,9,69.23
"657","pentaho/pentaho-platform",87.5,152,11,11,86,56.58,152,11,11,86,56.58
"658","pentaho/pentaho-reporting",69.39,49,5,6,32,65.31,49,5,6,32,65.31
"659","phalcon/docs",97.46,118,15,15,16,13.56,118,15,15,16,13.56
"660","phinze/homebrew-cask",64.34,272,115,115,98,36.03,272,115,115,98,36.03
"661","photo/mobile-android",66.67,3,2,3,1,33.33,3,2,3,1,33.33
"662","picketlink/picketlink",93.75,112,4,5,99,88.39,112,4,5,99,88.39
"663","pika/pika",91.18,34,26,26,2,5.88,34,26,26,2,5.88
"664","pivotal/jasmine-gem",32.73,55,47,49,3,5.45,55,47,49,3,5.45
"665","pivotal/pivotal_workstation",83.77,154,36,38,12,7.79,154,36,38,12,7.79
"666","pivotal-sprout/sprout",66,100,26,26,18,18,100,26,26,18,18
"667","plataformatec/devise",61.95,339,239,241,38,11.21,339,239,241,38,11.21
"668","plataformatec/simple_form",66.29,178,104,108,40,22.47,178,104,108,40,22.47
"669","playframework/play",0,49,31,35,10,20.41,49,31,35,10,20.41
"670","playframework/play1",96.15,78,52,56,4,5.13,78,52,56,4,5.13
"671","playframework/Play20",0,355,110,110,65,18.31,355,110,110,65,18.31
"672","playframework/playframework",90.77,390,106,106,57,14.62,390,106,106,57,14.62
"673","play/play",66.67,156,43,44,42,26.92,156,43,44,42,26.92
"674","plomino/Plomino",100,1,1,1,1,100,1,1,1,1,100
"675","plusjade/jekyll-bootstrap",55.56,54,43,44,10,18.52,54,43,44,10,18.52
"676","postrank-labs/goliath",86.36,88,48,50,10,11.36,88,48,50,10,11.36
"677","powercrystals/MineFactoryReloaded",0,1,1,1,1,100,1,1,1,1,100
"678","praekelt/diamondash",100,5,1,1,5,100,5,1,1,5,100
"679","praekelt/vumi",96.59,410,12,12,380,92.68,410,12,12,380,92.68
"680","praekelt/vumi-go",96.17,287,7,7,265,92.33,287,7,7,265,92.33
"681","praw-dev/praw",50,60,11,12,7,11.67,60,11,12,7,11.67
"682","prawnpdf/prawn",74.07,81,39,40,13,16.05,81,39,40,13,16.05
"683","presidentbeef/brakeman",92.34,235,20,20,188,80,235,20,20,188,80
"684","progit/progit",90.86,197,98,99,38,19.29,197,98,99,38,19.29
"685","ProgVal/Limnoria",70.83,72,10,11,6,8.33,72,10,11,6,8.33
"686","projectblacklight/blacklight",65.91,44,14,14,9,20.45,44,14,14,9,20.45
"687","projectcs13/sensor-cloud-website",93.68,95,3,3,62,65.26,95,3,3,62,65.26
"688","projecthydra/sufia",80,35,6,6,13,37.14,35,6,6,13,37.14
"689","ProjectMeniscus/meniscus",78.21,78,4,4,25,32.05,78,4,4,25,32.05
"690","projectwonder/wonder",45.81,155,22,22,59,38.06,155,22,22,59,38.06
"691","proofpoint/platform",94.12,34,4,4,27,79.41,34,4,4,27,79.41
"692","pry/pry",72.37,76,37,39,11,14.47,76,37,39,11,14.47
"693","ps3mediaserver/ps3mediaserver",0,12,2,2,12,100,12,2,2,12,100
"694","psychopy/psychopy",97.94,194,17,17,6,3.09,194,17,17,6,3.09
"695","pulp/pulp",95.68,324,6,6,305,94.14,324,6,6,305,94.14
"696","pulp/pulp_rpm",94.55,257,7,7,247,96.11,257,7,7,247,96.11
"697","puma/puma",73.21,112,65,66,13,11.61,112,65,66,13,11.61
"698","puppetlabs/marionette-collective",35.96,89,35,36,6,6.74,89,35,36,6,6.74
"699","puppetlabs/packaging",100,2,2,3,0,0,2,2,3,0,0
"700","puppetlabs/puppet-acceptance",78.18,55,12,14,20,36.36,55,12,14,20,36.36
"701","puppetlabs/puppet-dashboard",0,103,27,32,22,21.36,103,27,32,22,21.36
"702","puppetlabs/puppet-docs",82.18,174,55,58,16,9.2,174,55,58,16,9.2
"703","puppetlabs/puppetlabs-apache",69.77,43,24,28,12,27.91,43,24,28,12,27.91
"704","puppetlabs/puppetlabs-cloud_provisioner",88.41,69,19,21,8,11.59,69,19,21,8,11.59
"705","puppetlabs/puppetlabs-firewall",61.11,72,22,23,24,33.33,72,22,23,24,33.33
"706","puppetlabs/puppetlabs-keystone",16.67,78,14,14,47,60.26,78,14,14,47,60.26
"707","puppetlabs/puppetlabs-nova",9.09,44,15,15,22,50,44,15,15,22,50
"708","puppetlabs/puppetlabs-rabbitmq",81.82,22,11,12,9,40.91,22,11,12,9,40.91
"709","puppetlabs/puppetlabs-stdlib",57.76,116,48,51,40,34.48,116,48,51,40,34.48
"710","puppetlabs/Razor",90.7,86,15,15,61,70.93,86,15,15,61,70.93
"711","PyBossa/pybossa",97.83,138,7,7,124,89.86,138,7,7,124,89.86
"712","pyca/cryptography",92.15,242,9,9,14,5.79,242,9,9,14,5.79
"713","pydata/pandas",62.95,448,57,57,262,58.48,448,57,57,262,58.48
"714","pyinstaller/pyinstaller",0,2,2,3,1,50,2,2,3,1,50
"715","pyload/pyload",0,2,2,2,2,100,2,2,2,2,100
"716","Pylons/deform",76.47,85,34,37,10,11.76,85,34,37,10,11.76
"717","Pylons/pyramid",82.14,459,115,117,42,9.15,459,115,117,42,9.15
"718","pypa/pip",74.77,325,93,94,165,50.77,325,93,94,165,50.77
"719","pypa/virtualenv",77.01,87,43,45,25,28.74,87,43,45,25,28.74
"720","qiime/qiime",94.95,218,11,11,11,5.05,218,11,11,11,5.05
"721","qos-ch/logback",83.33,48,16,17,27,56.25,48,16,17,27,56.25
"722","qtile/qtile",37.14,35,22,23,7,20,35,22,23,7,20
"723","quantopian/zipline",38.03,71,13,13,22,30.99,71,13,13,22,30.99
"724","rackerlabs/otter",87.67,73,9,10,38,52.05,73,9,10,38,52.05
"725","rackerlabs/repose",94.09,220,4,4,159,72.27,220,4,4,159,72.27
"726","rackerlabs/stacktach",100,31,2,2,30,96.77,31,2,2,30,96.77
"727","rackspace/pyrax",30,10,6,6,10,100,10,6,6,10,100
"728","rackspace-titan/qonos",0,5,2,3,4,80,5,2,3,4,80
"729","radar/forem",70.79,89,39,39,13,14.61,89,39,39,13,14.61
"730","rails-api/active_model_serializers",67.79,149,83,88,16,10.74,149,83,88,16,10.74
"731","RailsApps/rails_apps_composer",20,10,9,10,7,70,10,9,10,7,70
"732","railsbridge/bridge_troll",86.11,72,20,20,12,16.67,72,20,20,12,16.67
"733","railsbridge/docs",77.55,98,44,45,18,18.37,98,44,45,18,18.37
"734","railsforcharity/spokenvote",89.42,208,5,5,92,44.23,208,5,5,92,44.23
"735","rails/rails",70.31,6137,1316,1323,807,13.15,6137,1316,1323,807,13.15
"736","rails/strong_parameters",62.9,62,46,55,11,17.74,62,46,55,11,17.74
"737","ralsina/nikola",0,10,9,9,7,70,10,9,9,7,70
"738","rapid7/metasploit-framework",35.07,211,45,47,93,44.08,211,45,47,93,44.08
"739","rapidftr/RapidFTR---Android",33.33,3,3,4,2,66.67,3,3,4,2,66.67
"740","rapidsms/rapidsms",80.56,108,12,12,81,75,108,12,12,81,75
"741","rcbops/chef-cookbooks",90.1,192,11,12,60,31.25,192,11,12,60,31.25
"742","rcbops-cookbooks/glance",75,16,6,6,5,31.25,16,6,6,5,31.25
"743","rcbops-cookbooks/horizon",33.33,24,5,6,17,70.83,24,5,6,17,70.83
"744","rcbops-cookbooks/keystone",96.15,26,5,5,2,7.69,26,5,5,2,7.69
"745","rcbops-cookbooks/nova",88.33,60,9,9,8,13.33,60,9,9,8,13.33
"746","rcbops-cookbooks/swift",67.86,28,4,4,12,42.86,28,4,4,12,42.86
"747","rcbops-cookbooks/swift-private-cloud",70.83,48,4,4,35,72.92,48,4,4,35,72.92
"748","reciprocity/ggrc-core",83.62,116,5,5,30,25.86,116,5,5,30,25.86
"749","reddit/reddit",1.05,95,47,50,11,11.58,95,47,50,11,11.58
"750","reddit/reddit-i18n",20,20,18,18,7,35,20,18,18,7,35
"751","reddmetrics/forma-clj",88.37,43,3,3,21,48.84,43,3,3,21,48.84
"752","RedHatQE/cfme_pages",84.09,44,4,4,6,13.64,44,4,4,6,13.64
"753","RedHatQE/cfme_tests",87.72,57,5,5,6,10.53,57,5,5,6,10.53
"754","redis/redis-rb",68.83,77,45,46,18,23.38,77,45,46,18,23.38
"755","redline-smalltalk/redline-smalltalk",100,134,10,10,110,82.09,134,10,10,110,82.09
"756","refinery/refinerycms",80.52,811,191,192,78,9.62,811,191,192,78,9.62
"757","refinery/refinerycms-blog",85.5,131,47,49,13,9.92,131,47,49,13,9.92
"758","rembo10/headphones",0,6,5,5,6,100,6,5,5,6,100
"759","renpy/renpy",33.33,3,2,2,3,100,3,2,2,3,100
"760","resolve/refinerycms",0,48,20,20,5,10.42,48,20,20,5,10.42
"761","resque/resque",55.1,343,190,192,47,13.7,343,190,192,47,13.7
"762","resteasy/Resteasy",94.21,328,24,24,247,75.3,328,24,24,247,75.3
"763","rg3/youtube-dl",67,100,38,38,25,25,100,38,38,25,25
"764","rightscale/right_link",75.86,58,9,9,27,46.55,58,9,9,27,46.55
"765","rightscale/rightscale_cookbooks",67.39,46,7,7,33,71.74,46,7,7,33,71.74
"766","rightscale/right_support",87.5,24,8,8,13,54.17,24,8,8,13,54.17
"767","RiotGames/berkshelf",77.59,348,47,47,147,42.24,348,47,47,147,42.24
"768","RiotGames/ridley",95.65,161,17,17,97,60.25,161,17,17,97,60.25
"769","Rip-Rip/clang_complete",62.5,32,6,6,23,71.88,32,6,6,23,71.88
"770","robworth/patientview",100,18,1,1,18,100,18,1,1,18,100
"771","ronnix/fabtools",71.15,52,24,25,6,11.54,52,24,25,6,11.54
"772","rootpy/rootpy",100,7,2,2,7,100,7,2,2,7,100
"773","ros/catkin",78.57,98,18,19,37,37.76,98,18,19,37,37.76
"774","rosedu/wouso",90.63,32,12,12,4,12.5,32,12,12,4,12.5
"775","ros/rosdistro",89.47,608,43,44,227,37.34,608,43,44,227,37.34
"776","RS485/LogisticsPipes",50,2,2,3,1,50,2,2,3,1,50
"777","rsim/oracle-enhanced",84.18,158,26,27,120,75.95,158,26,27,120,75.95
"778","rspec/rspec-core",71.87,423,127,129,148,34.99,423,127,129,148,34.99
"779","rspec/rspec-expectations",82.32,164,52,53,77,46.95,164,52,53,77,46.95
"780","rspec/rspec-mocks",84.94,239,62,63,102,42.68,239,62,63,102,42.68
"781","rspec/rspec-rails",67.31,156,92,94,36,23.08,156,92,94,36,23.08
"782","rtfd/readthedocs.org",91.55,142,51,52,17,11.97,142,51,52,17,11.97
"783","rtomayko/tilt",70,70,39,39,16,22.86,70,39,39,16,22.86
"784","rubber/rubber",80,30,16,17,10,33.33,30,16,17,10,33.33
"785","rubinius/rubinius",76.95,538,176,185,73,13.57,538,176,185,73,13.57
"786","rubycas/rubycas-server",70,30,19,20,3,10,30,19,20,3,10
"787","rubygems/rubygems",66.67,195,99,103,17,8.72,195,99,103,17,8.72
"788","rubygems/rubygems.org",67.65,136,92,96,22,16.18,136,92,96,22,16.18
"789","RubyMoney/money",77,100,61,61,22,22,100,61,61,22,22
"790","rubymotion/BubbleWrap",86.54,52,36,37,9,17.31,52,36,37,9,17.31
"791","ruby/ruby",0.82,122,82,90,23,18.85,122,82,90,23,18.85
"792","ruby-sapporo/sapporo.rubykaigi.org",93.44,61,13,13,3,4.92,61,13,13,3,4.92
"793","rubyspec/rubyspec",83.02,53,29,33,6,11.32,53,29,33,6,11.32
"794","ruby/www.ruby-lang.org",86.23,167,54,56,79,47.31,167,54,56,79,47.31
"795","RuudBurger/CouchPotato",0,9,8,9,1,11.11,9,8,9,1,11.11
"796","RuudBurger/CouchPotatoServer",40.86,93,45,46,15,16.13,93,45,46,15,16.13
"797","ryanb/cancan",58.73,63,51,55,15,23.81,63,51,55,15,23.81
"798","ryanb/nested_form",46.67,60,47,49,9,15,60,47,49,9,15
"799","ryandotsmith/queue_classic",72.41,87,45,47,15,17.24,87,45,47,15,17.24
"800","ryanmcgrath/twython",72.97,37,15,15,20,54.05,37,15,15,20,54.05
"801","s3tools/s3cmd",81.82,44,39,40,5,11.36,44,39,40,5,11.36
"802","Sage-Bionetworks/synapsePythonClient",87.32,71,2,5,30,42.25,71,2,5,30,42.25
"803","Sage-Bionetworks/Synapse-Repository-Services",94.01,785,11,12,232,29.55,785,11,12,232,29.55
"804","Sage-Bionetworks/SynapseWebClient",94.44,684,10,12,236,34.5,684,10,12,236,34.5
"805","sagemath/sagecell",77.78,9,3,3,6,66.67,9,3,3,6,66.67
"806","sakaiproject/sakai-widgetlibrary",0,54,4,5,7,12.96,54,4,5,7,12.96
"807","saltstack/salt",93.71,2035,249,250,178,8.75,2035,249,250,178,8.75
"808","saltstack/salt-cloud",45.45,22,9,10,13,59.09,22,9,10,13,59.09
"809","sampsyo/beets",76.19,84,33,34,12,14.29,84,33,34,12,14.29
"810","samuelclay/NewsBlur",58.33,48,32,33,4,8.33,48,32,33,4,8.33
"811","sanemat/gist-mail",91.89,37,2,2,31,83.78,37,2,2,31,83.78
"812","sanger/lims-api",55.26,38,2,2,36,94.74,38,2,2,36,94.74
"813","sanger/lims-core",62.07,29,2,2,27,93.1,29,2,2,27,93.1
"814","sanger/lims-laboratory-app",75.47,53,2,2,49,92.45,53,2,2,49,92.45
"815","sanger-pathogens/Artemis",100,119,1,1,119,100,119,1,1,119,100
"816","sanger/sequencescape",85.47,172,6,6,147,85.47,172,6,6,147,85.47
"817","sap-production/xcode-maven-plugin",100,1,1,1,1,100,1,1,1,1,100
"818","sbrunner/tilecloud-chain",98.06,103,2,2,100,97.09,103,2,2,100,97.09
"819","sbt/sbt",18.42,38,17,17,36,94.74,38,17,17,36,94.74
"820","scala-ide/scala-ide",78.6,430,17,17,380,88.37,430,17,17,380,88.37
"821","scala/legacy-svn-scala",0,30,9,10,17,56.67,30,9,10,17,56.67
"822","scala/scala",66.44,897,59,59,491,54.74,897,59,59,491,54.74
"823","scala/scala-dist",97.14,35,15,15,17,48.57,35,15,15,17,48.57
"824","scalatest/scalatest",0,6,2,2,6,100,6,2,2,6,100
"825","scalatra/scalatra",88.46,104,30,31,13,12.5,104,30,31,13,12.5
"826","scalaz/scalaz",86.85,289,31,32,53,18.34,289,31,32,53,18.34
"827","scambra/devise_invitable",0,3,3,3,3,100,3,3,3,3,100
"828","scieloorg/SciELO-Manager",85.07,469,5,5,189,40.3,469,5,5,189,40.3
"829","scikit-image/scikit-image",87.78,90,21,21,26,28.89,90,21,21,26,28.89
"830","SciTools/iris",44.44,18,2,2,13,72.22,18,2,2,13,72.22
"831","scoutapp/scout-plugins",88.89,9,6,6,3,33.33,9,6,6,3,33.33
"832","scrapy/scrapy",71.76,170,49,49,33,19.41,170,49,49,33,19.41
"833","screenconcept/kuhsaft",90.28,72,3,3,21,29.17,72,3,3,21,29.17
"834","scudderfish/MSLoggerBase",100,5,1,1,5,100,5,1,1,5,100
"835","sensu/sensu",0,7,4,4,7,100,7,4,4,7,100
"836","sensu/sensu-chef",40,5,3,3,5,100,5,3,3,5,100
"837","sensu/sensu-community-plugins",85.29,102,44,45,26,25.49,102,44,45,26,25.49
"838","seomoz/askari",98.77,81,1,1,81,100,81,1,1,81,100
"839","serge-sans-paille/pythran",0,1,1,1,1,100,1,1,1,1,100
"840","serverspec/serverspec",97.85,186,27,27,124,66.67,186,27,27,124,66.67
"841","seyhunak/twitter-bootstrap-rails",90.05,191,136,137,11,5.76,191,136,137,11,5.76
"842","sferik/rails_admin",70.24,336,183,185,47,13.99,336,183,185,47,13.99
"843","sferik/twitter",76.53,98,67,67,6,6.12,98,67,67,6,6.12
"844","shazow/urllib3",78.38,74,44,44,12,16.22,74,44,44,12,16.22
"845","shellycloud/shelly",100,4,1,1,4,100,4,1,1,4,100
"846","shoes/shoes4",73.33,30,9,11,16,53.33,30,9,11,16,53.33
"847","Shopify/active_merchant",38.77,503,196,199,158,31.41,503,196,199,158,31.41
"848","Shopify/liquid",62.34,77,41,42,41,53.25,77,41,42,41,53.25
"849","sightmachine/SimpleCV",92.9,155,28,29,9,5.81,155,28,29,9,5.81
"850","Silverpeas/Silverpeas-Components",20,5,4,4,3,60,5,4,4,3,60
"851","Silverpeas/Silverpeas-Core",66.67,12,5,5,4,33.33,12,5,5,4,33.33
"852","sk89q/commandhelper",0,1,1,1,1,100,1,1,1,1,100
"853","sk89q/craftbook",100,2,1,2,0,0,2,1,2,0,0
"854","sk89q/worldedit",21.21,33,15,17,13,39.39,33,15,17,13,39.39
"855","sk89q/worldguard",37.5,16,10,13,3,18.75,16,10,13,3,18.75
"856","skwp/dotfiles",79.69,64,36,37,5,7.81,64,36,37,5,7.81
"857","skyscreamer/yoga",91.67,156,4,4,82,52.56,156,4,4,82,52.56
"858","sleuthkit/autopsy",0,10,2,2,10,100,10,2,2,10,100
"859","slick/slick",82.02,89,14,14,59,66.29,89,14,14,59,66.29
"860","Slowpoke101/FTBLaunch",11.11,9,2,3,8,88.89,9,2,3,8,88.89
"861","softlayer/softlayer-api-python-client",0,2,1,1,2,100,2,1,1,2,100
"862","solnic/virtus",71.43,91,41,41,14,15.38,91,41,41,14,15.38
"863","sonatype/nexus",94.41,644,12,12,610,94.72,644,12,12,610,94.72
"864","sonatype/nexus-oss",90.15,264,6,6,251,95.08,264,6,6,251,95.08
"865","sosreport/sosreport",56.52,46,8,8,20,43.48,46,8,8,20,43.48
"866","sourcefabric/Superdesk",50,2,1,1,2,100,2,1,1,2,100
"867","sparklemotion/nokogiri",73.49,83,42,44,19,22.89,83,42,44,19,22.89
"868","spotify/luigi",45,20,13,14,10,50,20,13,14,10,50
"869","SpoutDev/Spout",77.42,93,15,18,20,21.51,93,15,18,20,21.51
"870","spray/spray",90.91,209,37,37,60,28.71,209,37,37,60,28.71
"871","spree/spree",2.25,1110,238,239,187,16.85,1110,238,239,187,16.85
"872","spree/spree_active_shipping",32.61,46,13,17,20,43.48,46,13,17,20,43.48
"873","spree/spree-guides",48.44,64,42,46,4,6.25,64,42,46,4,6.25
"874","spree/spree_i18n",57.62,151,76,82,15,9.93,151,76,82,15,9.93
"875","SpringSource/spring-amqp",0,75,9,9,8,10.67,75,9,9,8,10.67
"876","SpringSource/spring-batch",0,89,16,17,48,53.93,89,16,17,48,53.93
"877","SpringSource/spring-framework",18.18,33,15,15,10,30.3,33,15,15,10,30.3
"878","SpringSource/spring-integration",0,424,14,14,71,16.75,424,14,14,71,16.75
"879","SpringSource/spring-social",50.94,53,5,5,49,92.45,53,5,5,49,92.45
"880","square/dagger",89.47,76,9,9,47,61.84,76,9,9,47,61.84
"881","square/okhttp",80,10,2,2,9,90,10,2,2,9,90
"882","square/picasso",53.85,39,21,21,17,43.59,39,21,21,17,43.59
"883","square/retrofit",80.85,94,28,32,38,40.43,94,28,32,38,40.43
"884","sricola/socode",78.33,60,51,52,13,21.67,60,51,52,13,21.67
"885","sstephenson/sprockets",61.82,110,71,71,22,20,110,71,71,22,20
"886","statsmodels/statsmodels",30,20,6,6,20,100,20,6,6,20,100
"887","stefanfoulis/django-filer",65.71,35,23,23,12,34.29,35,23,23,12,34.29
"888","stephenmcd/mezzanine",80.36,224,88,89,24,10.71,224,88,89,24,10.71
"889","sugarlabs/sugar",0,1,1,1,1,100,1,1,1,1,100
"890","sunlightlabs/openstates",81.82,33,11,13,1,3.03,33,11,13,1,3.03
"891","sunpy/sunpy",55.17,29,5,5,26,89.66,29,5,5,26,89.66
"892","sunspot/sunspot",68.48,92,55,57,24,26.09,92,55,57,24,26.09
"893","Supervisor/supervisor",74.51,51,33,35,5,9.8,51,33,35,5,9.8
"894","sup-heliotrope/sup",54.93,71,4,4,62,87.32,71,4,4,62,87.32
"895","svenfuchs/rails-i18n",72.73,143,98,100,8,5.59,143,98,100,8,5.59
"896","swanson/stringer",82.83,99,49,49,5,5.05,99,49,49,5,5.05
"897","swcarpentry/website",93.4,318,14,15,207,65.09,318,14,15,207,65.09
"898","sympy/sympy",55.92,245,49,50,179,73.06,245,49,50,179,73.06
"899","tangentlabs/django-oscar",39.05,169,45,45,65,38.46,169,45,45,65,38.46
"900","tannn/TriviaTime",100,8,1,1,8,100,8,1,1,8,100
"901","tansaku/LocalSupport",70,20,4,4,9,45,20,4,4,9,45
"902","tdiary/tdiary-core",97.75,89,11,11,45,50.56,89,11,11,45,50.56
"903","technoweenie/faraday",0,20,17,18,4,20,20,17,18,4,20
"904","Teiid-Designer/teiid-designer",97.84,139,3,3,15,10.79,139,3,3,15,10.79
"905","teiid/teiid",0,4,1,1,4,100,4,1,1,4,100
"906","tgalal/wazapp",54.17,48,4,5,13,27.08,48,4,5,13,27.08
"907","Theano/Theano",44,25,6,6,14,56,25,6,6,14,56
"908","The-Dream-Team/Tardis",66.67,3,1,1,3,100,3,1,1,3,100
"909","theforeman/foreman",5.45,422,47,47,82,19.43,422,47,47,82,19.43
"910","theforeman/smart-proxy",7.58,66,24,24,13,19.7,66,24,24,13,19.7
"911","thelabtech/missionhub",0,3,3,3,3,100,3,3,3,3,100
"912","theodi/frontend-www",98.28,58,5,5,6,10.34,58,5,5,6,10.34
"913","thomas-mcdonald/bootstrap-sass",38.67,75,58,58,13,17.33,75,58,58,13,17.33
"914","thoughtbot/bourbon",63.33,90,67,67,7,7.78,90,67,67,7,7.78
"915","thoughtbot/capybara-webkit",42.86,161,88,89,50,31.06,161,88,89,50,31.06
"916","thoughtbot/clearance",69.32,88,34,35,56,63.64,88,34,35,56,63.64
"917","thoughtbot/factory_girl",45.3,117,68,69,35,29.91,117,68,69,35,29.91
"918","thoughtbot/paperclip",31.76,233,172,173,34,14.59,233,172,173,34,14.59
"919","thoughtbot/shoulda-matchers",46.67,120,71,72,50,41.67,120,71,72,50,41.67
"920","thoughtbot/suspenders",51.11,90,31,32,58,64.44,90,31,32,58,64.44
"921","till/easybib-cookbooks",96.08,51,7,7,31,60.78,51,7,7,31,60.78
"922","tinkerpop/blueprints",79.49,39,19,19,4,10.26,39,19,19,4,10.26
"923","toastdriven/django-haystack",21.35,89,59,60,25,28.09,89,59,60,25,28.09
"924","toastdriven/django-tastypie",10.8,176,98,99,62,35.23,176,98,99,62,35.23
"925","todoroo/astrid",85.71,14,4,4,11,78.57,14,4,4,11,78.57
"926","tomchristie/django-rest-framework",68.85,382,149,150,82,21.47,382,149,150,82,21.47
"927","topazproject/topaz",90.24,369,24,24,26,7.05,369,24,24,26,7.05
"928","torquebox/torquebox",71.68,113,37,40,19,16.81,113,37,40,19,16.81
"929","translate/pootle",64.71,34,4,4,33,97.06,34,4,4,33,97.06
"930","travis-ci/travis-build",86.67,75,16,16,23,30.67,75,16,16,23,30.67
"931","travis-ci/travis-ci",79.03,124,59,61,28,22.58,124,59,61,28,22.58
"932","travis-ci/travis-cookbooks",78.38,37,20,21,9,24.32,37,20,21,9,24.32
"933","travis-ci/travis-core",84.31,153,26,27,73,47.71,153,26,27,73,47.71
"934","Tribler/dispersy",90.91,11,1,1,11,100,11,1,1,11,100
"935","Tribler/tribler",96.55,29,1,1,29,100,29,1,1,29,100
"936","twall/jna",78.13,32,10,10,13,40.63,32,10,10,13,40.63
"937","tweepy/tweepy",0,9,9,9,9,100,9,9,9,9,100
"938","twitter/algebird",92.77,83,13,13,8,9.64,83,13,13,8,9.64
"939","twitter/commons",81.36,118,14,14,22,18.64,118,14,14,22,18.64
"940","twitter/finagle",26.67,75,34,38,15,20,75,34,38,15,20
"941","twitter/scalding",88.67,309,37,38,42,13.59,309,37,38,42,13.59
"942","twitter/summingbird",97.56,123,7,7,12,9.76,123,7,7,12,9.76
"943","twitter/twitter-cldr-rb",80.26,76,10,10,26,34.21,76,10,10,26,34.21
"944","twitter/zipkin",7.85,191,11,11,178,93.19,191,11,11,178,93.19
"945","twoscoops/django-admin2",0,77,17,17,12,15.58,77,17,17,12,15.58
"946","typesafehub/activator",85.71,28,5,5,8,28.57,28,5,5,8,28.57
"947","typhoeus/typhoeus",71.43,63,48,48,9,14.29,63,48,48,9,14.29
"948","uDig/udig-platform",75.86,29,8,9,5,17.24,29,8,9,5,17.24
"949","ukhas/habitat",85.59,111,5,5,6,5.41,111,5,5,6,5.41
"950","unbit/uwsgi-docs",96.49,57,18,19,2,3.51,57,18,19,2,3.51
"951","unclebob/fitnesse",84.47,103,15,17,47,45.63,103,15,17,47,45.63
"952","undertow-io/undertow",28.57,7,2,2,7,100,7,2,2,7,100
"953","unepwcmc/SAPI",98.08,156,5,5,16,10.26,156,5,5,16,10.26
"954","UniversalMediaServer/UniversalMediaServer",12.5,8,1,1,8,100,8,1,1,8,100
"955","unknown-horizons/unknown-horizons",37.5,24,8,9,12,50,24,8,9,12,50
"956","U-Play/profiles",68.47,111,2,2,111,100,111,2,2,111,100
"957","upverter/schematic-file-converter",93.55,93,6,6,4,4.3,93,6,6,4,4.3
"958","UWE-Ruby/RubyFall2012",48,25,13,13,1,4,25,13,13,1,4
"959","UWE-Ruby/RubyFall2013",16.67,6,3,4,5,83.33,6,3,4,5,83.33
"960","valotrading/stirling",97.58,124,5,5,8,6.45,124,5,5,8,6.45
"961","VanillaDev/Vanilla",0,48,13,18,11,22.92,48,13,18,11,22.92
"962","vcr/vcr",85.25,61,25,26,28,45.9,61,25,26,28,45.9
"963","Veraticus/Dynamoid",91.89,74,19,20,11,14.86,74,19,20,11,14.86
"964","vmw-tmpst/heroapp-LetsHire",0,1,1,1,1,100,1,1,1,1,100
"965","void256/nifty-gui",93.97,116,11,11,6,5.17,116,11,11,6,5.17
"966","wajam/mry",97.73,44,5,5,42,95.45,44,5,5,42,95.45
"967","wajam/nrv",95.12,41,5,5,40,97.56,41,5,5,40,97.56
"968","web2py/web2py",0,7,5,5,7,100,7,5,5,7,100
"969","webbukkit/dynmap",100,3,1,1,3,100,3,1,1,3,100
"970","webnotes/erpnext",91.46,164,10,10,132,80.49,164,10,10,132,80.49
"971","webpy/webpy",33.33,3,3,4,2,66.67,3,3,4,2,66.67
"972","webyast/webyast",91.67,48,4,5,37,77.08,48,4,5,37,77.08
"973","weld/core",0,14,8,8,13,92.86,14,8,8,13,92.86
"974","weppos/whois",70,50,20,20,6,12,50,20,20,6,12
"975","WFP-Dubai/ETS",94.57,92,3,3,84,91.3,92,3,3,84,91.3
"976","wildfly/wildfly",27.83,230,36,36,101,43.91,230,36,36,101,43.91
"977","WindowsAzure/azure-sdk-for-java",83.47,121,14,14,75,61.98,121,14,14,75,61.98
"978","wingedmonkey/wingedmonkey",71.43,14,4,4,7,50,14,4,4,7,50
"979","wlanslovenija/PiplMesh",0,9,3,3,9,100,9,3,3,9,100
"980","wordpress-mobile/WordPress-Android",40.91,22,5,5,17,77.27,22,5,5,17,77.27
"981","wr0ngway/rubber",33.33,3,3,4,0,0,3,3,4,0,0
"982","wuetherich/bundlemaker",0,4,1,1,4,100,4,1,1,4,100
"983","wycats/thor",51.35,37,29,30,2,5.41,37,29,30,2,5.41
"984","xetorthio/jedis",75,44,24,24,12,27.27,44,24,24,12,27.27
"985","xwiki/xwiki-platform",77.27,22,6,10,11,50,22,6,10,11,50
"986","yahoo/oozie",100,7,3,3,4,57.14,7,3,3,4,57.14
"987","yammer/sched.do",0,127,5,5,121,95.28,127,5,5,121,95.28
"988","yast/ycp-killer",95.03,342,4,4,30,8.77,342,4,4,30,8.77
"989","Yelp/mrjob",84.28,299,34,34,84,28.09,299,34,34,84,28.09
"990","Yelp/Testify",88.04,92,20,20,25,27.17,92,20,20,25,27.17
"991","Yelp/Tron",95.04,121,8,9,82,67.77,121,8,9,82,67.77
"992","yusuke/twitter4j",97.83,46,28,29,2,4.35,46,28,29,2,4.35
"993","zanata/zanata-server",91.58,273,7,7,30,10.99,273,7,7,30,10.99
"994","zendframework/zf2-documentation",40.39,255,90,92,26,10.2,255,90,92,26,10.2
"995","zeromq/pyzmq",88.59,149,19,19,122,81.88,149,19,19,122,81.88
"996","ZeusWPI/Gandalf",100,109,3,3,101,92.66,109,3,3,101,92.66
"997","ZooTypers/ZooTypers",87.27,55,2,2,55,100,55,2,2,55,100
"998","zsh-users/zsh-completions",83.82,68,40,41,8,11.76,68,40,41,8,11.76
"999","zznate/intravert-ug",100,6,3,3,1,16.67,6,3,3,1,16.67
