"","repo_name","count(distinct dev_country)","merge_rate","count(pr_id).x","cnt_prs.x","cnt_dev.x","s_c_same.x","s_c_rate.x","count(pr_id).y","cnt_prs.y","cnt_dev.y","s_c_same.y","s_c_rate.y","count(distinct dev_id)"
"1","10gen-labs/mongo-web-shell",1,33.33,3,2,2,3,100,3,2,2,3,100,2
"2","4teamwork/ftw.contentpage",1,93.33,45,3,3,6,13.33,45,3,3,6,13.33,3
"3","A24Group/ssGWT-lib",1,100,26,2,2,24,92.31,26,2,2,24,92.31,2
"4","acrmp/chefspec",12,8,75,29,29,18,24,75,29,29,18,24,29
"5","Activiti/Activiti",9,79.41,34,11,13,4,11.76,34,11,13,4,11.76,13
"6","adhearsion/adhearsion",6,87.1,62,10,10,29,46.77,62,10,10,29,46.77,10
"7","adlnet/ADL_LRS",1,100,1,1,1,1,100,1,1,1,1,100,1
"8","aeolusproject/conductor",4,57.29,96,9,11,52,54.17,96,9,11,52,54.17,11
"9","aerogear/aerogear-android",4,67.16,67,6,7,17,25.37,67,6,7,17,25.37,7
"10","aichallenge/aichallenge",10,72.22,36,21,26,5,13.89,36,21,26,5,13.89,26
"11","airbrake/airbrake",21,77.38,84,72,77,8,9.52,84,72,77,8,9.52,76
"12","airlift/airlift",2,83.33,90,4,4,86,95.56,90,4,4,86,95.56,4
"13","akka/akka",15,85.04,341,47,47,265,77.71,341,47,47,265,77.71,47
"14","alexreisner/geocoder",24,55.73,131,103,104,8,6.11,131,103,104,8,6.11,104
"15","alibaba/druid",2,100,243,6,7,222,91.36,243,6,7,222,91.36,7
"16","allegro/ralph",1,91,100,5,5,11,11,100,5,5,11,11,5
"17","alphagov/backdrop",1,100,57,8,9,13,22.81,57,8,9,13,22.81,9
"18","alphagov/design-principles",1,83.05,118,22,27,27,22.88,118,22,27,27,22.88,27
"19","alphagov/EFG",1,96.82,157,7,8,25,15.92,157,7,8,25,15.92,8
"20","alphagov/frontend",2,94.04,470,40,42,23,4.89,470,40,42,23,4.89,42
"21","alphagov/gds-api-adapters",1,96.08,102,16,17,8,7.84,102,16,17,8,7.84,17
"22","alphagov/govuk_content_api",1,95.59,136,15,17,7,5.15,136,15,17,7,5.15,17
"23","alphagov/govuk_content_models",1,97.17,106,17,18,8,7.55,106,17,18,8,7.55,18
"24","alphagov/panopticon",1,91.75,97,14,15,14,14.43,97,14,15,14,14.43,15
"25","alphagov/pp-puppet",1,95.43,175,8,8,20,11.43,175,8,8,20,11.43,8
"26","alphagov/publisher",1,91.49,141,21,23,19,13.48,141,21,23,19,13.48,23
"27","alphagov/rummager",2,94.84,155,22,23,26,16.77,155,22,23,26,16.77,23
"28","alphagov/signonotron2",1,90.7,86,22,23,8,9.3,86,22,23,8,9.3,22
"29","alphagov/smart-answers",1,96.98,629,28,28,30,4.77,629,28,28,30,4.77,28
"30","alphagov/support",1,93.81,113,6,15,37,32.74,113,6,15,37,32.74,15
"31","alphagov/trade-tariff-backend",1,95.65,23,5,6,16,69.57,23,5,6,16,69.57,6
"32","alphagov/transition",1,93.75,64,5,5,8,12.5,64,5,5,8,12.5,5
"33","alphagov/whitehall",2,92.87,855,35,36,94,10.99,855,35,36,94,10.99,36
"34","amatsuda/kaminari",28,61.76,102,77,78,17,16.67,102,77,78,17,16.67,78
"35","amet/script.xbmc.subtitles",12,93.94,33,15,16,2,6.06,33,15,16,2,6.06,16
"36","amplab/shark",2,83.61,61,12,12,31,50.82,61,12,12,31,50.82,12
"37","anathema/anathema",1,90,10,1,2,2,20,10,1,2,2,20,2
"38","AndlyticsProject/andlytics",2,94.94,79,3,3,79,100,79,3,3,79,100,3
"39","andrew/24pullrequests",25,91.67,312,85,85,42,13.46,312,85,85,42,13.46,85
"40","andrew/split",13,91.36,81,43,43,5,6.17,81,43,43,5,6.17,43
"41","andymccurdy/redis-py",15,68.42,57,48,49,5,8.77,57,48,49,5,8.77,49
"42","Ank13/ops_hospital_mapper",1,0,2,1,1,2,100,2,1,1,2,100,1
"43","antirez/lamernews",9,68.57,35,22,23,2,5.71,35,22,23,2,5.71,23
"44","antirez/redis-doc",17,82.98,47,38,40,4,8.51,47,38,40,4,8.51,40
"45","antlr/antlr4",4,94,150,8,8,117,78,150,8,8,117,78,8
"46","AOKP/packages_apps_ROMControl",6,29.41,17,7,7,13,76.47,17,7,7,13,76.47,7
"47","apache/cordova-blackberry",2,0,31,7,7,31,100,31,7,7,31,100,7
"48","apache/cordova-docs",6,0,23,11,11,23,100,23,11,11,23,100,11
"49","apache/libcloud",10,0,58,27,27,58,100,58,27,27,58,100,27
"50","aparo/pyes",15,91.25,80,48,48,7,8.75,80,48,48,7,8.75,48
"51","apigee/usergrid-stack",7,88.02,167,12,13,13,7.78,167,12,13,13,7.78,13
"52","applicake/doorkeeper",18,78.43,102,49,49,10,9.8,102,49,49,10,9.8,49
"53","AppScale/appscale",1,93.1,29,1,1,29,100,29,1,1,29,100,1
"54","AppScale/appscale-tools",1,91.67,24,2,2,23,95.83,24,2,2,23,95.83,2
"55","aptivate/econsensus",3,63.64,22,4,5,11,50,22,4,5,11,50,5
"56","ArcBees/GWTP",6,76.4,89,8,8,75,84.27,89,8,8,75,84.27,8
"57","arduino/Arduino",12,17.95,39,20,21,27,69.23,39,20,21,27,69.23,21
"58","arskom/spyne",7,84.88,86,14,14,46,53.49,86,14,14,46,53.49,14
"59","arthurbenemann/droidplanner",1,0,3,1,1,3,100,3,1,1,3,100,1
"60","artsalliancemedia/redmine",1,95,20,1,1,20,100,20,1,1,20,100,1
"61","arvida/emoji-cheat-sheet.com",16,78.95,76,53,54,3,3.95,76,53,54,3,3.95,54
"62","asciidoctor/asciidoctor",4,97.92,337,10,10,230,68.25,337,10,10,230,68.25,10
"63","ASPP/pelita",1,71.43,7,1,1,7,100,7,1,1,7,100,1
"64","Athou/commafeed",1,0,1,1,1,1,100,1,1,1,1,100,1
"65","atlasapi/atlas",2,94.1,322,8,8,121,37.58,322,8,8,121,37.58,8
"66","atlasapi/atlas-feeds",1,97.1,69,3,3,22,31.88,69,3,3,22,31.88,3
"67","atlasapi/atlas-model",1,94.06,101,4,4,51,50.5,101,4,4,51,50.5,4
"68","atlasapi/atlas-persistence",1,95.6,91,3,3,41,45.05,91,3,3,41,45.05,3
"69","aufdemrand/Denizen",1,100,1,1,1,1,100,1,1,1,1,100,1
"70","autotest/autotest",6,8.91,101,15,15,41,40.59,101,15,15,41,40.59,15
"71","autotest/virt-test",6,34.7,219,17,17,74,33.79,219,17,17,74,33.79,17
"72","avoinministerio/avoinministerio",1,100,1,1,2,0,0,1,1,2,0,0,2
"73","awestruct/awestruct",11,94.68,94,17,18,23,24.47,94,17,18,23,24.47,18
"74","aws/aws-cli",1,0,1,1,2,0,0,1,1,2,0,0,1
"75","aws/aws-sdk-ruby",13,82.48,137,87,87,16,11.68,137,87,87,16,11.68,87
"76","axemblr/axemblr-provisionr",1,88,25,2,2,20,80,25,2,2,20,80,2
"77","axsh/wakame-vdc",1,98.31,178,5,6,166,93.26,178,5,6,166,93.26,6
"78","azavea/geotrellis",1,4.72,106,4,4,36,33.96,106,4,4,36,33.96,4
"79","azavea/OpenTreeMap",1,100,69,7,7,61,88.41,69,7,7,61,88.41,7
"80","azavea/OTM2",1,97.56,369,5,5,359,97.29,369,5,5,359,97.29,5
"81","balanced/balanced-docs",2,100,47,7,9,39,82.98,47,7,9,39,82.98,9
"82","BaseXdb/basex",6,94.55,220,13,14,16,7.27,220,13,14,16,7.27,14
"83","basho/basho_docs",7,88.54,96,28,29,77,80.21,96,28,29,77,80.21,29
"84","basho/riak-java-client",7,93.41,182,23,25,146,80.22,182,23,25,146,80.22,25
"85","basho/riak-python-client",14,85.37,123,36,40,60,48.78,123,36,40,60,48.78,40
"86","basho/ripple",5,20,5,4,5,2,40,5,4,5,2,40,5
"87","bbatsov/rubocop",12,89.33,150,33,33,9,6,150,33,33,9,6,33
"88","bbatsov/ruby-style-guide",5,100,8,7,8,0,0,8,7,8,0,0,8
"89","bblimke/webmock",20,72.63,95,66,68,12,12.63,95,66,68,12,12.63,68
"90","bcardarella/client_side_validations",25,60.47,86,56,57,13,15.12,86,56,57,13,15.12,57
"91","bcdev/beam",2,50,2,2,2,2,100,2,2,2,2,100,2
"92","Bcfg2/bcfg2",1,73.91,23,6,7,1,4.35,23,6,7,1,4.35,7
"93","belaban/JGroups",9,60.34,58,13,14,4,6.9,58,13,14,4,6.9,14
"94","benoitc/gunicorn",19,32.58,89,58,59,23,25.84,89,58,59,23,25.84,58
"95","berkmancenter/chillingeffects",1,94.27,192,3,3,188,97.92,192,3,3,188,97.92,3
"96","bigbluebutton/bigbluebutton",6,91.94,62,11,12,13,20.97,62,11,12,13,20.97,12
"97","binaryage/totalfinder-i18n",23,95.31,128,37,38,4,3.13,128,37,38,4,3.13,38
"98","binarylogic/authlogic",16,76.19,42,38,40,1,2.38,42,38,40,1,2.38,40
"99","biom-format/biom-format",2,93.81,97,4,4,6,6.19,97,4,4,6,6.19,4
"100","biopython/biopython",14,23.44,128,30,30,19,14.84,128,30,30,19,14.84,30
"101","bitbar/testdroid-api",1,78.57,14,1,1,14,100,14,1,1,14,100,1
"102","bitcoin/bitcoin.org",4,54.55,11,5,5,11,100,11,5,5,11,100,5
"103","Bitmessage/PyBitmessage",3,0,5,5,5,5,100,5,5,5,5,100,5
"104","blueboxgroup/ursula",1,95.24,42,3,3,28,66.67,42,3,3,28,66.67,3
"105","bmabey/database_cleaner",16,75.31,81,63,64,7,8.64,81,63,64,7,8.64,64
"106","bobuk/addmeto.cc",10,64.8,125,57,58,11,8.8,125,57,58,11,8.8,58
"107","boersmamarcel/challengesplatform",2,91.95,87,3,3,26,29.89,87,3,3,26,29.89,3
"108","boto/boto",23,70,260,112,114,109,41.92,260,112,114,109,41.92,113
"109","boto/botocore",2,50,4,3,3,2,50,4,3,3,2,50,3
"110","bread-and-pepper/django-userena",20,77.03,74,48,49,3,4.05,74,48,49,3,4.05,49
"111","brianmario/mysql2",13,82.98,94,44,46,33,35.11,94,44,46,33,35.11,46
"112","BrightcoveOS/Diamond",14,91.61,155,60,60,10,6.45,155,60,60,10,6.45,60
"113","brooklyncentral/brooklyn",3,41.43,70,7,7,66,94.29,70,7,7,66,94.29,7
"114","buildbot/buildbot",21,81.13,318,73,74,102,32.08,318,73,74,102,32.08,74
"115","BuildCraft/BuildCraft",4,0,10,5,5,10,100,10,5,5,10,100,5
"116","Bukkit/Bukkit",13,8.7,92,54,56,39,42.39,92,54,56,39,42.39,56
"117","Bukkit/CraftBukkit",15,3.49,86,58,61,44,51.16,86,58,61,44,51.16,59
"118","bundler/bundler",38,58.51,417,246,250,49,11.75,417,246,250,49,11.75,250
"119","c00w/bitHopper",3,98.65,74,5,6,0,0,74,5,6,0,0,6
"120","caelum/vraptor",1,66.18,68,29,30,14,20.59,68,29,30,14,20.59,30
"121","caelum/vraptor4",1,81.54,65,2,3,63,96.92,65,2,3,63,96.92,2
"122","cakephp/docs",32,95.3,532,122,125,41,7.71,532,122,125,41,7.71,125
"123","caktus/django-timepiece",1,91.38,290,6,6,243,83.79,290,6,6,243,83.79,6
"124","calabash/calabash-android",10,86.15,65,25,26,3,4.62,65,25,26,3,4.62,26
"125","calblueprint/BPSF",1,25,4,1,1,4,100,4,1,1,4,100,1
"126","calblueprint/usomc-rails",1,98.28,58,2,2,38,65.52,58,2,2,38,65.52,2
"127","camptocamp/c2cgeoportal",2,97.48,357,7,7,350,98.04,357,7,7,350,98.04,7
"128","candlepin/candlepin",3,85.11,47,7,7,12,25.53,47,7,7,12,25.53,7
"129","candlepin/python-rhsm",2,85.71,14,5,5,3,21.43,14,5,5,3,21.43,5
"130","candlepin/subscription-manager",2,78.4,125,6,6,38,30.4,125,6,6,38,30.4,6
"131","capedwarf/capedwarf-blue",1,0,1,1,1,1,100,1,1,1,1,100,1
"132","carlhuda/bundler",22,48.8,125,84,89,18,14.4,125,84,89,18,14.4,89
"133","carrierwaveuploader/carrierwave",36,66.82,214,158,161,16,7.48,214,158,161,16,7.48,160
"134","Catrobat/Catroid",1,100,2,1,1,2,100,2,1,1,2,100,1
"135","cbeust/testng",13,80.3,66,25,26,5,7.58,66,25,26,5,7.58,26
"136","celery/celery",33,36.36,220,147,148,17,7.73,220,147,148,17,7.73,148
"137","celery/kombu",18,49.15,59,51,53,0,0,59,51,53,0,0,53
"138","cellcounter/cellcounter",1,93.51,77,2,2,72,93.51,77,2,2,72,93.51,2
"139","celluloid/celluloid",17,84.41,186,51,52,51,27.42,186,51,52,51,27.42,51
"140","ceph/ceph-deploy",1,50,4,2,3,2,50,4,2,3,2,50,3
"141","ceph/teuthology",1,66.67,9,2,2,8,88.89,9,2,2,8,88.89,2
"142","cexbrayat/linkit",1,0,3,1,1,3,100,3,1,1,3,100,1
"143","ceylon/ceylon-compiler",8,71.67,60,6,9,14,23.33,60,6,9,14,23.33,9
"144","cfpb/regulations-parser",1,0,1,1,1,1,100,1,1,1,1,100,1
"145","cgeo/cgeo",6,95.9,195,17,17,99,50.77,195,17,17,99,50.77,17
"146","cgeo/c-geo-opensource",4,47.33,131,11,11,70,53.44,131,11,11,70,53.44,11
"147","chiliproject/chiliproject",11,52.34,107,27,27,29,27.1,107,27,27,29,27.1,27
"148","chrisallenlane/cheat",11,94.23,52,23,24,1,1.92,52,23,24,1,1.92,24
"149","chriseppstein/compass",32,43.89,221,147,147,29,13.12,221,147,147,29,13.12,147
"150","cidadania/e-cidadania",5,82.88,111,8,9,11,9.91,111,8,9,11,9.91,9
"151","ciudadanointeligente/candidator",2,97.37,114,7,7,96,84.21,114,7,7,96,84.21,7
"152","ciudadanointeligente/votainteligente-portal-electoral",1,95.27,148,4,4,139,93.92,148,4,4,139,93.92,4
"153","ciudadanointeligente/write-it",1,98.33,180,3,3,173,96.11,180,3,3,173,96.11,3
"154","Clashnia/Minecraft-Demigods",1,0,151,2,2,151,100,151,2,2,151,100,2
"155","clawpack/pyclaw",3,88.79,107,7,7,70,65.42,107,7,7,70,65.42,7
"156","clearsightstudio/ProMotion",4,0,7,7,7,7,100,7,7,7,7,100,7
"157","clojure/clojure",2,0,4,4,4,4,100,4,4,4,4,100,4
"158","ClouDev/CloudBot",1,0,2,1,1,2,100,2,1,1,2,100,1
"159","cloudfoundry/bosh",9,27,100,22,29,42,42,100,22,29,42,42,24
"160","cloudfoundry/cloud_controller_ng",5,55.56,27,18,25,12,44.44,27,18,25,12,44.44,24
"161","cloudfoundry/vcap",9,8.33,24,19,22,19,79.17,24,19,22,19,79.17,20
"162","Cloudhunter/OpenCCSensors",3,98.68,76,3,3,73,96.05,76,3,3,73,96.05,3
"163","CloudifySource/cloudify",1,66.67,3,1,1,3,100,3,1,1,3,100,1
"164","Cloudname/cloudname",1,88.89,9,4,4,8,88.89,9,4,4,8,88.89,4
"165","cms-analysis/HiggsAnalysis-HiggsToTauTau",2,75,4,2,2,3,75,4,2,2,3,75,2
"166","cobbler/cobbler",9,91.43,70,20,21,33,47.14,70,20,21,33,47.14,21
"167","CocoaPods/CocoaPods",17,71.23,73,46,47,26,35.62,73,46,47,26,35.62,47
"168","codahale/dropwizard",14,51.72,145,65,66,3,2.07,145,65,66,3,2.07,66
"169","codahale/metrics",16,57.47,87,53,54,5,5.75,87,53,54,5,5.75,54
"170","code-dot-org/dashboard",1,80,10,1,1,10,100,10,1,1,10,100,1
"171","codeforamerica/brigade",5,81.68,131,31,32,43,32.82,131,31,32,43,32.82,32
"172","codetriage/codetriage",14,89.21,139,44,44,31,22.3,139,44,44,31,22.3,44
"173","coldstar96/cse403",2,66.67,6,1,1,6,100,6,1,1,6,100,1
"174","collective/collective.cover",7,87.93,58,11,12,18,31.03,58,11,12,18,31.03,12
"175","collective/collective.developermanual",18,93.75,64,40,47,17,26.56,64,40,47,17,26.56,46
"176","comfy/comfortable-mexican-sofa",21,78.89,90,53,55,7,7.78,90,53,55,7,7.78,54
"177","COMP3111H-Project-Team/BallCraft",1,91.14,79,1,1,79,100,79,1,1,79,100,1
"178","concerto/concerto",2,87.8,82,7,9,51,62.2,82,7,9,51,62.2,9
"179","CONNECT-Solution/CONNECT",1,89.25,93,4,4,24,25.81,93,4,4,24,25.81,4
"180","Connexions/cnx-archive",1,100,3,1,1,3,100,3,1,1,3,100,1
"181","Connexions/oer.exports",2,55.56,9,2,3,3,33.33,9,2,3,3,33.33,3
"182","Craig-Macomber/WeatherOracle",1,94.12,68,1,1,68,100,68,1,1,68,100,1
"183","crawljax/crawljax",2,80,20,3,3,16,80,20,3,3,16,80,3
"184","CruGlobal/missionhub",3,100,67,4,4,67,100,67,4,4,67,100,4
"185","CS340Group/hit",1,100,100,2,2,94,94,100,2,2,94,94,2
"186","cuckoobox/cuckoo",3,0,4,4,4,4,100,4,4,4,4,100,4
"187","cucumber/cucumber",21,67.62,105,76,78,18,17.14,105,76,78,18,17.14,77
"188","cucumber/cucumber-jvm",23,73.19,138,64,64,26,18.84,138,64,64,26,18.84,64
"189","cucumber/gherkin",22,61.22,49,38,39,8,16.33,49,38,39,8,16.33,39
"190","cyberdelia/django-pipeline",17,53.52,71,45,45,11,15.49,71,45,45,11,15.49,45
"191","cylc/cylc",1,100,3,1,1,3,100,3,1,1,3,100,1
"192","cython/cython",4,75,8,4,5,6,75,8,4,5,6,75,5
"193","dana-i2cat/opennaas",2,91.8,707,9,9,105,14.85,707,9,9,105,14.85,9
"194","dart-lang/pub-dartlang",4,88.03,117,7,7,110,94.02,117,7,7,110,94.02,7
"195","datastax/java-driver",11,57.69,104,24,25,16,15.38,104,24,25,16,15.38,25
"196","DataTorrent/Malhar",1,92.86,14,1,1,14,100,14,1,1,14,100,1
"197","davidhalter/jedi",4,38.46,13,5,5,11,84.62,13,5,5,11,84.62,5
"198","DayhomeRegistry/dayhomes",1,100,27,3,3,2,7.41,27,3,3,2,7.41,3
"199","dCache/dcache",3,92.5,160,4,4,42,26.25,160,4,4,42,26.25,4
"200","ddollar/foreman",22,67.48,123,87,88,10,8.13,123,87,88,10,8.13,88
"201","Deadrik/TFCraft",1,0,2,1,1,2,100,2,1,1,2,100,1
"202","deegree/deegree3",1,93.33,135,3,3,106,78.52,135,3,3,106,78.52,3
"203","defnull/bottle",19,83.87,93,44,45,8,8.6,93,44,45,8,8.6,45
"204","dellcloudedge/barclamp-network",1,43.9,41,3,3,20,48.78,41,3,3,20,48.78,3
"205","delving/culture-hub",1,88.89,27,2,2,9,33.33,27,2,2,9,33.33,2
"206","delving/sip-creator",1,91.67,36,1,2,4,11.11,36,1,2,4,11.11,2
"207","demandchain/galaxy-client",1,75,4,1,1,4,100,4,1,1,4,100,1
"208","dianping/cat",1,100,6,1,1,6,100,6,1,1,6,100,1
"209","diaspora/diaspora",25,73.88,425,79,84,112,26.35,425,79,84,112,26.35,83
"210","dimagi/casexml",1,86.21,29,5,5,12,41.38,29,5,5,12,41.38,5
"211","dimagi/commcare-hq",2,92.07,391,7,7,103,26.34,391,7,7,103,26.34,7
"212","dimagi/dimagi-utils",1,90,20,6,6,3,15,20,6,6,3,15,6
"213","dimagi/logistics",1,96.08,51,3,3,31,60.78,51,3,3,31,60.78,3
"214","DIRACGrid/DIRAC",3,0,36,4,4,36,100,36,4,4,36,100,4
"215","DirectEmployers/MyJobs",1,77.78,27,2,3,6,22.22,27,2,3,6,22.22,3
"216","divio/django-cms",11,37.5,48,28,28,33,68.75,48,28,28,33,68.75,28
"217","divio/django-shop",16,84.44,90,25,25,27,30,90,25,25,27,30,25
"218","django-debug-toolbar/django-debug-toolbar",18,75.38,65,51,52,5,7.69,65,51,52,5,7.69,52
"219","django/django",44,36.64,453,214,219,181,39.96,453,214,219,181,39.96,219
"220","django/django-old",2,0,3,3,3,3,100,3,3,3,3,100,3
"221","django-extensions/django-extensions",9,60.87,23,19,21,5,21.74,23,19,21,5,21.74,21
"222","dmwm/WMCore",2,22.22,9,2,2,9,100,9,2,2,9,100,2
"223","doctrine/orm-documentation",16,87.76,49,35,37,4,8.16,49,35,37,4,8.16,37
"224","drapergem/draper",21,86.8,197,77,77,12,6.09,197,77,77,12,6.09,77
"225","droolsjbpm/drools",10,38.46,26,14,15,11,42.31,26,14,15,11,42.31,15
"226","droolsjbpm/guvnor",7,93.48,46,9,11,11,23.91,46,9,11,11,23.91,11
"227","droolsjbpm/jbpm",5,60,10,5,7,3,30,10,5,7,3,30,7
"228","DSpace/DSpace",8,92,125,17,18,73,58.4,125,17,18,73,58.4,18
"229","dtolabs/rundeck",1,0,1,1,1,1,100,1,1,1,1,100,1
"230","duke-libraries/dul-hydra",1,100,40,1,1,40,100,40,1,1,40,100,1
"231","edavis10/redmine",4,0,4,4,4,4,100,4,4,4,4,100,4
"232","edelight/chef-mongodb",5,50,12,10,12,5,41.67,12,10,12,5,41.67,12
"233","edx/configuration",1,87.5,88,8,8,86,97.73,88,8,8,86,97.73,8
"234","edx/edx-platform",9,86.97,783,38,38,733,93.61,783,38,38,733,93.61,38
"235","edx/XBlock",1,96.12,103,6,6,94,91.26,103,6,6,94,91.26,6
"236","Eichhoernchen/SiriServer",4,47.62,21,7,8,7,33.33,21,7,8,7,33.33,8
"237","elasticsearch/elasticsearch",16,26.92,286,58,58,232,81.12,286,58,58,232,81.12,58
"238","Eldorados/script.module.urlresolver",4,100,13,5,6,0,0,13,5,6,0,0,6
"239","elision/elision",1,75,4,3,3,4,100,4,3,3,4,100,3
"240","emberjs/ember-rails",22,75.86,145,70,76,33,22.76,145,70,76,33,22.76,75
"241","emesene/emesene",7,94.05,84,11,11,36,42.86,84,11,11,36,42.86,11
"242","endosnipe/ENdoSnipe",1,100,84,1,1,84,100,84,1,1,84,100,1
"243","engineyard/ey-cloud-recipes",12,88.41,69,30,34,16,23.19,69,30,34,16,23.19,34
"244","enthought/chaco",5,81.82,33,13,13,18,54.55,33,13,13,18,54.55,13
"245","enthought/enaml",2,66.67,3,2,3,2,66.67,3,2,3,2,66.67,3
"246","enthought/enstaller",4,83.58,67,8,10,37,55.22,67,8,10,37,55.22,10
"247","eregs/regulations-site",1,40,20,2,2,12,60,20,2,2,12,60,2
"248","errbit/errbit",28,84.27,248,92,93,27,10.89,248,92,93,27,10.89,93
"249","essentials/Essentials",11,27.17,92,25,26,40,43.48,92,25,26,40,43.48,26
"250","ets-berkeley-edu/calcentral",3,91.81,647,6,6,60,9.27,647,6,6,60,9.27,6
"251","eucalyptus/eutester",4,77.05,122,13,13,51,41.8,122,13,13,51,41.8,13
"252","eventmachine/eventmachine",13,76.6,47,36,37,10,21.28,47,36,37,10,21.28,37
"253","everzet/capifony",27,72.79,136,66,67,8,5.88,136,66,67,8,5.88,67
"254","evildmp/afraid-to-commit",3,0,4,4,4,4,100,4,4,4,4,100,4
"255","excilys/androidannotations",8,90.77,195,19,20,113,57.95,195,19,20,113,57.95,20
"256","excilys/gatling",8,89.43,123,12,12,46,37.4,123,12,12,46,37.4,12
"257","exercism/exercism.io",11,95.54,157,37,37,11,7.01,157,37,37,11,7.01,37
"258","exoplatform/ecms",2,0,23,6,6,19,82.61,23,6,6,19,82.61,6
"259","exoplatform/exogtn",1,0,12,3,3,11,91.67,12,3,3,11,91.67,3
"260","exoplatform/jcr",2,11.11,18,2,3,8,44.44,18,2,3,8,44.44,3
"261","exoplatform/ks",3,6.25,16,5,5,16,100,16,5,5,16,100,5
"262","exoplatform/platform",2,16.28,43,7,7,32,74.42,43,7,7,32,74.42,7
"263","exoplatform/social",2,4.41,68,8,8,32,47.06,68,8,8,32,47.06,8
"264","expertiza/expertiza",1,61.9,21,18,19,7,33.33,21,18,19,7,33.33,18
"265","fabric/fabric",23,41.89,74,60,60,11,14.86,74,60,60,11,14.86,60
"266","facebook/swift",1,88.46,26,3,3,26,100,26,3,3,26,100,3
"267","facebook/tornado",8,3.7,27,25,25,27,100,27,25,25,27,100,25
"268","fail2ban/fail2ban",5,85.71,98,5,5,95,96.94,98,5,5,95,96.94,5
"269","fatfreecrm/fat_free_crm",11,76.19,42,22,24,5,11.9,42,22,24,5,11.9,24
"270","FCP-INDI/C-PAC",2,83.64,55,4,4,30,54.55,55,4,4,30,54.55,4
"271","feincms/feincms",6,14.29,7,6,7,6,85.71,7,6,7,6,85.71,7
"272","fernandezpablo85/scribe-java",22,21.18,85,63,64,9,10.59,85,63,64,9,10.59,64
"273","filipg/amu_automata_2011",1,90,80,11,12,1,1.25,80,11,12,1,1.25,12
"274","Findwise/Hydra",2,87.88,66,4,4,61,92.42,66,4,4,61,92.42,4
"275","flavour/eden",8,69.66,145,15,16,29,20,145,15,16,29,20,16
"276","floodlight/floodlight",5,86.73,113,14,14,91,80.53,113,14,14,91,80.53,14
"277","floodlight/loxigen",2,75,12,3,3,10,83.33,12,3,3,10,83.33,3
"278","flpjck/flapjack",1,90.32,31,4,4,21,67.74,31,4,4,21,67.74,4
"279","fluent/fluentd",4,72.94,85,29,30,20,23.53,85,29,30,20,23.53,30
"280","fog/fog",30,91.22,1093,320,321,301,27.54,1093,320,321,301,27.54,321
"281","forcedotcom/phoenix",2,26.67,15,4,4,15,100,15,4,4,15,100,4
"282","forcedotcom/SalesforceMobileSDK-Android",1,95.45,110,1,1,110,100,110,1,1,110,100,1
"283","forge/core",15,79.02,224,28,30,54,24.11,224,28,30,54,24.11,30
"284","ForgeEssentials/ForgeEssentialsMain",1,100,1,1,1,1,100,1,1,1,1,100,1
"285","FoundationDB/sql-layer",1,20,5,2,2,4,80,5,2,2,4,80,2
"286","freenet/fred-staging",7,5.56,18,7,8,16,88.89,18,7,8,16,88.89,8
"287","freyja-dev/unity-tweak-tool",1,100,1,1,1,1,100,1,1,1,1,100,1
"288","futures/fcrepo4",2,69.64,56,7,7,34,60.71,56,7,7,34,60.71,7
"289","gabrielfalcao/lettuce",23,65.85,82,51,52,8,9.76,82,51,52,8,9.76,52
"290","ganglia/gmond_python_modules",13,90,40,26,28,3,7.5,40,26,28,3,7.5,28
"291","gatein/gatein-portal",8,11.19,143,14,14,33,23.08,143,14,14,33,23.08,14
"292","Gazler/githug",7,0,8,8,8,8,100,8,8,8,8,100,8
"293","geemus/excon",11,76.19,63,43,43,9,14.29,63,43,43,9,14.29,43
"294","gem/oq-engine",2,97.31,297,4,4,296,99.66,297,4,4,296,99.66,4
"295","georchestra/georchestra",2,85.05,107,2,2,58,54.21,107,2,2,58,54.21,2
"296","geoserver/geoserver",10,81.73,104,20,20,48,46.15,104,20,20,48,46.15,20
"297","geotools/geotools",9,79.17,96,21,22,39,40.63,96,21,22,39,40.63,22
"298","geotrellis/geotrellis",1,95.8,143,5,5,71,49.65,143,5,5,71,49.65,5
"299","getpelican/pelican",29,65.88,211,111,111,40,18.96,211,111,111,40,18.96,111
"300","getrailo/railo",3,0,5,4,4,5,100,5,4,4,5,100,4
"301","getsentry/raven-python",26,89.87,158,85,85,18,11.39,158,85,85,18,11.39,85
"302","getsentry/sentry",24,86.97,238,104,104,23,9.66,238,104,104,23,9.66,104
"303","ghoseb/planet.clojure",20,85.96,57,53,55,1,1.75,57,53,55,1,1.75,55
"304","ginatrapani/todo.txt-touch",3,0,21,6,7,2,9.52,21,6,7,2,9.52,6
"305","ging/planet2012",1,0,2,2,2,2,100,2,2,2,2,100,2
"306","gitblit/gitblit",16,79.69,64,33,34,2,3.13,64,33,34,2,3.13,34
"307","github/android",18,10.53,76,26,27,9,11.84,76,26,27,9,11.84,27
"308","github/developer.github.com",27,88,225,130,133,59,26.22,225,130,133,59,26.22,133
"309","github/github-services",37,89.19,296,190,192,34,11.49,296,190,192,34,11.49,192
"310","github/gitscm-next",14,51.39,72,41,41,6,8.33,72,41,41,6,8.33,41
"311","github/linguist",35,67.23,357,240,242,69,19.33,357,240,242,69,19.33,242
"312","gitlabhq/gitlab-ci",20,72.73,77,52,54,9,11.69,77,52,54,9,11.69,54
"313","gitlabhq/gitlabhq",50,68.4,807,345,345,137,16.98,807,345,345,137,16.98,345
"314","gittip/www.gittip.com",16,90.41,219,61,62,19,8.68,219,61,62,19,8.68,62
"315","gkhachik/katello-api",2,77.78,18,3,3,17,94.44,18,3,3,17,94.44,3
"316","goldrush/goldrush",1,99.25,133,2,2,133,100,133,2,2,133,100,2
"317","gpodder/gpodder",4,50,12,5,6,3,25,12,5,6,3,25,6
"318","gradle/gradle",13,69.05,42,28,33,6,14.29,42,28,33,6,14.29,32
"319","grails/grails-core",17,67.06,85,31,37,24,28.24,85,31,37,24,28.24,37
"320","gregbell/active_admin",34,65.65,329,149,149,112,34.04,329,149,149,112,34.04,149
"321","gregmarra/the-blue-alliance",1,89.71,175,6,6,57,32.57,175,6,6,57,32.57,6
"322","griddynamics/jagger",1,100,16,3,3,14,87.5,16,3,3,14,87.5,3
"323","griddynamics/OpenGenesis",1,82.68,127,3,3,109,85.83,127,3,3,109,85.83,3
"324","groovy/groovy-core",13,57.32,82,22,23,41,50,82,22,23,41,50,23
"325","grosser/parallel_tests",14,72.13,61,42,42,11,18.03,61,42,42,11,18.03,42
"326","guard/guard",22,83.9,118,77,78,20,16.95,118,77,78,20,16.95,77
"327","guardian/deploy",1,76.92,13,5,6,9,69.23,13,5,6,9,69.23,6
"328","guardian/frontend",1,95.83,1581,18,18,1478,93.49,1581,18,18,1478,93.49,18
"329","guardianproject/Gibberbot",2,0,44,3,3,43,97.73,44,3,3,43,97.73,3
"330","gwtbootstrap/gwt-bootstrap",13,86.96,69,18,18,20,28.99,69,18,18,20,28.99,18
"331","gxa/gxa",1,89.93,268,4,4,60,22.39,268,4,4,60,22.39,4
"332","haml/haml",15,35.71,70,57,59,5,7.14,70,57,59,5,7.14,59
"333","happypeter/onestep",1,83.91,87,3,3,50,57.47,87,3,3,50,57.47,3
"334","harrah/xsbt",3,0,10,4,4,10,100,10,4,4,10,100,4
"335","hazelcast/hazelcast",9,82.96,270,20,21,41,15.19,270,20,21,41,15.19,21
"336","hector-client/hector",18,84.15,82,41,42,12,14.63,82,41,42,12,14.63,42
"337","heroku/heroku",14,79.62,211,63,64,41,19.43,211,63,64,41,19.43,64
"338","heroku/heroku-buildpack-ruby",8,71.58,95,39,39,43,45.26,95,39,39,43,45.26,39
"339","hibernate/hibernate-ogm",8,52.11,142,10,11,26,18.31,142,10,11,26,18.31,11
"340","hibernate/hibernate-orm",22,14.56,158,50,51,61,38.61,158,50,51,61,38.61,51
"341","hibernate/hibernate-search",8,67.06,340,12,12,57,16.76,340,12,12,57,16.76,12
"342","hibernate/hibernate-validator",4,76.36,55,5,6,29,52.73,55,5,6,29,52.73,6
"343","hmarr/mongoengine",9,8.33,12,11,12,11,91.67,12,11,12,11,91.67,12
"344","holderdeord/hdo-site",2,94.12,34,8,9,1,2.94,34,8,9,1,2.94,9
"345","Homebrew/homebrew",32,0.87,461,222,222,95,20.61,461,222,222,95,20.61,222
"346","Homebrew/homebrew-dupes",18,1.39,72,54,56,7,9.72,72,54,56,7,9.72,54
"347","Homebrew/homebrew-science",17,6.52,92,47,50,37,40.22,92,47,50,37,40.22,47
"348","Homebrew/homebrew-versions",21,0,72,63,66,10,13.89,72,63,66,10,13.89,63
"349","hornetq/hornetq",7,90.48,273,9,9,36,13.19,273,9,9,36,13.19,9
"350","hotsh/rstat.us",15,82.56,258,50,52,50,19.38,258,50,52,50,19.38,52
"351","hpcugent/easybuild-easyblocks",3,95.33,214,7,7,191,89.25,214,7,7,191,89.25,7
"352","hpcugent/easybuild-easyconfigs",3,92.9,310,10,10,255,82.26,310,10,10,255,82.26,10
"353","hpcugent/easybuild-framework",3,97.57,412,7,8,283,68.69,412,7,8,283,68.69,8
"354","hub-cap/reddwarf_lite",1,91.5,153,7,8,81,52.94,153,7,8,81,52.94,7
"355","HUSACCT/HUSACCT",1,60,10,4,4,6,60,10,4,4,6,60,4
"356","hyde/hyde",13,60.47,43,20,21,5,11.63,43,20,21,5,11.63,21
"357","hylang/hy",7,85.45,110,16,16,11,10,110,16,16,11,10,16
"358","idan/oauthlib",5,20,5,5,6,4,80,5,5,6,4,80,5
"359","imathis/octopress",31,31.32,281,153,156,104,37.01,281,153,156,104,37.01,154
"360","infinispan/infinispan",13,23.05,282,20,21,54,19.15,282,20,21,54,19.15,21
"361","infinispan/infinispan-server",6,14.29,7,5,7,2,28.57,7,5,7,2,28.57,5
"362","ingenuitas/SimpleCV",5,46.22,119,17,18,18,15.13,119,17,18,18,15.13,18
"363","intalio/tempo",1,61.11,18,2,3,1,5.56,18,2,3,1,5.56,3
"364","integrity/integrity",1,0,2,1,1,2,100,2,1,1,2,100,1
"365","intridea/grape",31,81.01,158,91,91,22,13.92,158,91,91,22,13.92,91
"366","intridea/omniauth",22,77.7,148,110,113,4,2.7,148,110,113,4,2.7,113
"367","intuit/simple_deploy",1,93.33,45,5,5,12,26.67,45,5,5,12,26.67,5
"368","ipa320/cob_robots",1,97.06,34,5,5,25,73.53,34,5,5,25,73.53,5
"369","ippontech/tatami",4,89.84,128,16,17,43,33.59,128,16,17,43,33.59,17
"370","ipython/ipython",23,82.63,1451,121,121,576,39.7,1451,121,121,576,39.7,121
"371","ipython/nbconvert",6,84.09,44,11,12,22,50,44,11,12,22,50,12
"372","ironjacamar/ironjacamar",5,88.24,102,5,5,81,79.41,102,5,5,81,79.41,5
"373","IronLanguages/main",5,23.08,13,5,6,12,92.31,13,5,6,12,92.31,6
"374","irstv/orbisgis",1,90.91,22,1,1,22,100,22,1,1,22,100,1
"375","isenseDev/iSENSE-Hardware",1,100,6,1,1,6,100,6,1,1,6,100,1
"376","isenseDev/rSENSE",1,97.2,107,1,1,107,100,107,1,1,107,100,1
"377","JakeWharton/ActionBarSherlock",22,36.11,108,63,63,15,13.89,108,63,63,15,13.89,63
"378","jaliss/securesocial",5,0,9,6,6,9,100,9,6,6,9,100,6
"379","Jasig/cas",3,80,125,12,12,90,72,125,12,12,90,72,12
"380","Jasig/uPortal",3,68.42,57,14,15,10,17.54,57,14,15,10,17.54,15
"381","javan/whenever",20,48.05,77,60,61,5,6.49,77,60,61,5,6.49,61
"382","jayway/maven-android-plugin",7,40,10,7,8,6,60,10,7,8,6,60,8
"383","jbossas/jboss-as",16,5.05,277,34,34,112,40.43,277,34,34,112,40.43,34
"384","jboss-developer/jboss-eap-quickstarts",8,89.66,29,17,17,12,41.38,29,17,17,12,41.38,17
"385","jboss-fuse/fuse",9,1.49,67,11,12,59,88.06,67,11,12,59,88.06,12
"386","jboss-jdf/jboss-as-quickstart",8,5.41,37,12,12,25,67.57,37,12,12,25,67.57,12
"387","jboss-reddeer/reddeer",1,0,1,1,1,1,100,1,1,1,1,100,1
"388","jboss-switchyard/components",6,29.33,75,13,13,45,60,75,13,13,45,60,13
"389","jboss-switchyard/core",2,26.09,23,6,6,16,69.57,23,6,6,16,69.57,6
"390","jboss-switchyard/quickstarts",3,29.03,31,8,8,19,61.29,31,8,8,19,61.29,8
"391","jboss-switchyard/release",3,31.58,19,6,6,11,57.89,19,6,6,11,57.89,6
"392","jboss-switchyard/tools",1,60,20,2,4,15,75,20,2,4,15,75,4
"393","jbosstm/narayana",2,91.93,161,4,4,144,89.44,161,4,4,144,89.44,4
"394","jbosstm/quickstart",2,89.47,57,3,3,56,98.25,57,3,3,56,98.25,3
"395","jbosstools/jbosstools-base",5,36,50,7,7,19,38,50,7,7,19,38,7
"396","jbosstools/jbosstools-central",5,41.62,173,6,6,56,32.37,173,6,6,56,32.37,6
"397","jbosstools/jbosstools-integration-tests",2,16.67,6,2,3,5,83.33,6,2,3,5,83.33,3
"398","jbosstools/jbosstools-javaee",5,45.45,11,5,5,4,36.36,11,5,5,4,36.36,5
"399","jbosstools/jbosstools-jst",5,50,8,4,5,3,37.5,8,4,5,3,37.5,5
"400","jbosstools/jbosstools-openshift",5,90.2,306,8,8,287,93.79,306,8,8,287,93.79,8
"401","jbosstools/jbosstools-server",5,45.83,24,5,5,12,50,24,5,5,12,50,5
"402","jbosstools/jbosstools-vpe",5,70.59,51,5,6,29,56.86,51,5,6,29,56.86,5
"403","jclouds/jclouds",18,78.26,552,30,35,80,14.49,552,30,35,80,14.49,35
"404","jclouds/jclouds-karaf",3,12.12,66,3,3,64,96.97,66,3,3,64,96.97,3
"405","jedi4ever/veewee",33,81.79,346,182,183,31,8.96,346,182,183,31,8.96,183
"406","jenkinsci/gerrit-trigger-plugin",8,75.31,81,15,16,18,22.22,81,15,16,18,22.22,16
"407","jeremyevans/sequel",23,59.18,98,75,76,7,7.14,98,75,76,7,7.14,76
"408","JetBrains/intellij-community",8,3.57,28,13,14,7,25,28,13,14,7,25,13
"409","JetBrains/kotlin",9,61.02,59,14,18,22,37.29,59,14,18,22,37.29,18
"410","jezdez/django_compressor",17,2.08,48,33,34,13,27.08,48,33,34,13,27.08,33
"411","jfinkels/flask-restless",3,0,3,3,3,3,100,3,3,3,3,100,3
"412","jimweirich/rake",22,57.38,61,50,52,4,6.56,61,50,52,4,6.56,52
"413","jkoelker/quark",1,92.55,94,5,5,26,27.66,94,5,5,26,27.66,5
"414","jnicklas/capybara",25,59.82,219,129,132,34,15.53,219,129,132,34,15.53,131
"415","jnicklas/carrierwave",21,57.53,73,58,60,4,5.48,73,58,60,4,5.48,60
"416","jnraine/munkiserver",3,67.86,28,5,5,6,21.43,28,5,5,6,21.43,5
"417","jnunemaker/httparty",18,62.3,61,59,60,4,6.56,61,59,60,4,6.56,60
"418","jnunemaker/mongomapper",12,7.69,39,28,29,8,20.51,39,28,29,8,20.51,29
"419","jonleighton/poltergeist",17,68.83,77,55,56,11,14.29,77,55,56,11,14.29,56
"420","jordansissel/fpm",5,0,12,10,10,11,91.67,12,10,10,11,91.67,10
"421","josegonzalez/homebrew-php",33,2.13,376,130,130,103,27.39,376,130,130,103,27.39,130
"422","josevalim/inherited_resources",14,72.73,44,30,35,3,6.82,44,30,35,3,6.82,34
"423","jruby/activerecord-jdbc-adapter",18,58.91,129,59,62,11,8.53,129,59,62,11,8.53,62
"424","jruby/jruby",14,61.82,110,41,44,30,27.27,110,41,44,30,27.27,43
"425","junit-team/junit",17,92.65,136,39,40,15,11.03,136,39,40,15,11.03,40
"426","JustAboutJeff/who_run_it",1,60,5,2,2,3,60,5,2,2,3,60,2
"427","justinfrench/formtastic",27,76.12,134,79,80,21,15.67,134,79,80,21,15.67,80
"428","k9mail/k-9",11,57.14,49,16,16,21,42.86,49,16,16,21,42.86,16
"429","karmi/tire",20,1.1,91,70,71,11,12.09,91,70,71,11,12.09,70
"430","Katello/katello",3,86.53,1604,17,17,1407,87.72,1604,17,17,1407,87.72,17
"431","Katello/katello-cli",2,93.98,83,9,9,82,98.8,83,9,9,82,98.8,9
"432","kemayo/sublime-text-2-git",11,0,35,20,21,8,22.86,35,20,21,8,22.86,20
"433","kennethreitz/python-guide",4,0,7,6,6,7,100,7,6,6,7,100,6
"434","kennethreitz/requests",23,22.78,79,56,56,51,64.56,79,56,56,51,64.56,56
"435","kevinweil/elephant-bird",4,81.25,32,10,11,21,65.63,32,10,11,21,65.63,10
"436","kijiproject/kiji-schema",1,0,14,3,3,7,50,14,3,3,7,50,3
"437","kivy/kivy",6,23.08,13,6,6,13,100,13,6,6,13,100,6
"438","kliment/Printrun",2,0,4,2,2,4,100,4,2,2,4,100,2
"439","kmazanec/adopt-a-coder",1,100,3,1,1,3,100,3,1,1,3,100,1
"440","Kotti/Kotti",7,90.35,114,13,13,14,12.28,114,13,13,14,12.28,13
"441","kovidgoyal/calibre",6,85.71,7,6,7,1,14.29,7,6,7,1,14.29,7
"442","kytrinyx/exercism.io",20,0,197,72,72,7,3.55,197,72,72,7,3.55,72
"443","l0rdn1kk0n/wicket-bootstrap",5,72.73,22,8,8,8,36.36,22,8,8,8,36.36,8
"444","laas/morse",3,0,63,5,6,9,14.29,63,5,6,9,14.29,5
"445","leapcode/leap_client",1,0,22,1,1,20,90.91,22,1,1,20,90.91,1
"446","leapcode/soledad",1,71.43,7,1,1,7,100,7,1,1,7,100,1
"447","learningequality/ka-lite",2,90.91,22,3,3,14,63.64,22,3,3,14,63.64,3
"448","learning-unlimited/ESP-Website",1,0,1,1,2,0,0,1,1,2,0,0,1
"449","liferay/liferay-faces",2,0,3,2,2,3,100,3,2,2,3,100,2
"450","liferay/liferay-plugins",4,0,12,6,6,12,100,12,6,6,12,100,6
"451","liferay/liferay-portal",14,0,112,38,39,100,89.29,112,38,39,100,89.29,38
"452","lifo/docrails",15,0,32,32,34,16,50,32,32,34,16,50,32
"453","lift/framework",17,47.79,136,33,38,58,42.65,136,33,38,58,42.65,35
"454","liqd/adhocracy",1,78.31,83,7,7,33,39.76,83,7,7,33,39.76,7
"455","liquibase/liquibase",5,0,13,7,7,13,100,13,7,7,13,100,7
"456","lisa-lab/pylearn2",2,75.76,33,4,4,28,84.85,33,4,4,28,84.85,4
"457","lobid/lodmill",1,87.5,8,2,2,7,87.5,8,2,2,7,87.5,2
"458","localwiki/localwiki",4,80.23,86,13,13,36,41.86,86,13,13,36,41.86,13
"459","locomotivecms/engine",23,66.92,130,62,63,17,13.08,130,62,63,17,13.08,63
"460","logstash/logstash",17,49.43,87,43,43,48,55.17,87,43,43,48,55.17,43
"461","Lokaltog/powerline",15,32.73,55,27,28,10,18.18,55,27,28,10,18.18,28
"462","loopj/android-async-http",12,51.92,52,41,42,5,9.62,52,41,42,5,9.62,42
"463","lsegal/yard",15,59.49,79,35,36,8,10.13,79,35,36,8,10.13,36
"464","lusis/chef-logstash",14,68.89,90,43,43,23,25.56,90,43,43,23,25.56,43
"465","M66B/XPrivacy",4,92.77,83,3,4,2,2.41,83,3,4,2,2.41,4
"466","Maescool/Catacomb-Snatch",11,80.72,166,22,23,41,24.7,166,22,23,41,24.7,23
"467","magiclabs/alchemy_cms",2,54.93,71,8,8,12,16.9,71,8,8,12,16.9,8
"468","MagLev/maglev",4,79.22,77,11,11,53,68.83,77,11,11,53,68.83,11
"469","makerbot/ReplicatorG",3,30.77,13,8,11,4,30.77,13,8,11,4,30.77,11
"470","mandriva-management-console/mmc",1,62.5,24,2,2,15,62.5,24,2,2,15,62.5,2
"471","maplesyrup/maple-android",1,100,9,1,1,9,100,9,1,1,9,100,1
"472","MarkUsProject/Markus",2,84.78,138,11,11,28,20.29,138,11,11,28,20.29,11
"473","MasDennis/Rajawali",6,87.93,58,9,9,13,22.41,58,9,9,13,22.41,9
"474","matplotlib/matplotlib",16,85.6,903,75,77,420,46.51,903,75,77,420,46.51,76
"475","matschaffer/knife-solo",14,79.14,139,46,46,46,33.09,139,46,46,46,33.09,46
"476","maxcom/lorsource",3,96,25,7,7,6,24,25,7,7,6,24,7
"477","mbleigh/acts-as-taggable-on",6,0,8,8,8,8,100,8,8,8,8,100,8
"478","mcMMO-Dev/mcMMO",4,50,8,4,4,6,75,8,4,4,6,75,4
"479","mdipierro/web2py-book",1,0,2,1,1,2,100,2,1,1,2,100,1
"480","MediaCrush/MediaCrush",2,100,6,3,3,4,66.67,6,3,3,4,66.67,3
"481","MediaSapiens/flamaster",2,100,22,3,3,15,68.18,22,3,3,15,68.18,3
"482","meskyanichi/backup",14,55.56,45,30,31,13,28.89,45,30,31,13,28.89,31
"483","mesos/spark",10,87.04,324,37,37,48,14.81,324,37,37,48,14.81,37
"484","metamx/druid",1,0,6,3,3,6,100,6,3,3,6,100,3
"485","metashare/META-SHARE",2,90,30,2,2,20,66.67,30,2,2,20,66.67,2
"486","metomi/rose",1,91.67,12,1,1,12,100,12,1,1,12,100,1
"487","middleman/middleman",18,83.1,284,64,64,50,17.61,284,64,64,50,17.61,64
"488","middleman/middleman-guides",24,94,150,105,106,6,4,150,105,106,6,4,106
"489","midgetspy/Sick-Beard",21,39.83,118,72,72,38,32.2,118,72,72,38,32.2,72
"490","mifos/head",3,50,4,3,3,4,100,4,3,3,4,100,3
"491","mikel/mail",27,69.86,146,94,96,20,13.7,146,94,96,20,13.7,96
"492","MilkBowl/Vault",2,0,4,3,3,4,100,4,3,3,4,100,3
"493","MiloTischler/Operation-Valkyrie",1,86.21,29,1,1,29,100,29,1,1,29,100,1
"494","MinecraftForge/FML",3,0,3,3,3,3,100,3,3,3,3,100,3
"495","MinecraftForge/MinecraftForge",7,0,18,12,12,18,100,18,12,12,18,100,12
"496","ministryofjustice/tribunals",1,100,6,1,2,2,33.33,6,1,2,2,33.33,2
"497","miracle2k/webassets",13,77.78,45,32,33,1,2.22,45,32,33,1,2.22,33
"498","Mirantis/fuel",2,59.46,74,8,8,69,93.24,74,8,8,69,93.24,8
"499","mitchellh/vagrant",34,52.66,395,262,262,28,7.09,395,262,262,28,7.09,262
"500","mitsuhiko/flask",19,52.29,109,81,83,16,14.68,109,81,83,16,14.68,83
"501","mitsuhiko/jinja2",18,57.69,52,38,40,5,9.62,52,38,40,5,9.62,40
"502","mitsuhiko/werkzeug",20,48.57,70,50,51,13,18.57,70,50,51,13,18.57,51
"503","mne-tools/mne-python",4,90.91,154,8,8,52,33.77,154,8,8,52,33.77,8
"504","ModeShape/modeshape",8,82.93,334,13,13,297,88.92,334,13,13,297,88.92,13
"505","modilabs/formhub",4,34.85,66,6,7,45,68.18,66,6,7,45,68.18,7
"506","mojombo/jekyll",23,30.13,375,131,131,116,30.93,375,131,131,116,30.93,131
"507","molgenis/molgenis",1,97.62,84,4,4,10,11.9,84,4,4,10,11.9,4
"508","molgenis/systemsgenetics",1,71.43,7,1,1,7,100,7,1,1,7,100,1
"509","mongodb/docs",23,47.02,570,98,98,43,7.54,570,98,98,43,7.54,98
"510","mongodb/docs-ecosystem",11,21.28,47,21,22,2,4.26,47,21,22,2,4.26,22
"511","mongodb/mongo-java-driver",13,29.27,41,28,30,14,34.15,41,28,30,14,34.15,30
"512","mongodb/mongo-python-driver",9,65.38,26,13,13,14,53.85,26,13,13,14,53.85,13
"513","mongodb/mongo-ruby-driver",20,71.49,228,59,60,112,49.12,228,59,60,112,49.12,60
"514","mongoid/mongoid",36,50.84,478,207,210,50,10.46,478,207,210,50,10.46,208
"515","mopidy/mopidy",8,69.57,46,15,15,26,56.52,46,15,15,26,56.52,15
"516","mortardata/mortar",1,100,1,1,1,1,100,1,1,1,1,100,1
"517","MovingBlocks/Terasology",8,78.89,90,17,18,29,32.22,90,17,18,29,32.22,18
"518","mozilla/addon-sdk",15,85.74,659,32,32,546,82.85,659,32,32,546,82.85,32
"519","mozilla/Addon-Tests",8,86.39,316,18,18,38,12.03,316,18,18,38,12.03,18
"520","mozilla/affiliates",5,69.23,13,4,5,9,69.23,13,4,5,9,69.23,5
"521","mozilla/bedrock",19,83.35,1147,57,58,290,25.28,1147,57,58,290,25.28,58
"522","mozilla/django-browserid",2,40,5,5,6,3,60,5,5,6,3,60,6
"523","mozilla/dxr",7,71.79,78,8,8,57,73.08,78,8,8,57,73.08,8
"524","mozilla/fhr-jelly",4,97.01,134,6,6,23,17.16,134,6,6,23,17.16,6
"525","mozilla/firefox-flicks",3,86.76,68,5,6,43,63.24,68,5,6,43,63.24,6
"526","mozilla/fjord",2,23.53,34,6,6,31,91.18,34,6,6,31,91.18,6
"527","mozilla/kitsune",13,29.51,993,24,24,860,86.61,993,24,24,860,86.61,24
"528","mozilla/kuma",13,89.39,1499,40,40,143,9.54,1499,40,40,143,9.54,40
"529","mozilla/marketplace-tests",6,86.25,80,8,10,10,12.5,80,8,10,10,12.5,10
"530","mozilla/mcom-tests",6,83.67,49,9,11,7,14.29,49,9,11,7,14.29,11
"531","mozilla/mozilla-ignite",2,95.19,104,4,4,82,78.85,104,4,4,82,78.85,4
"532","mozilla/mozmill-ci",1,0,1,1,1,1,100,1,1,1,1,100,1
"533","mozilla/moztrap-tests",5,91.67,24,4,8,2,8.33,24,4,8,2,8.33,8
"534","mozilla/remo",5,92.49,546,18,18,327,59.89,546,18,18,327,59.89,18
"535","mozilla-services/android-sync",1,100,2,1,1,2,100,2,1,1,2,100,1
"536","mozilla-services/cornice",11,79.75,79,35,37,18,22.78,79,35,37,18,22.78,37
"537","mozilla/socorro",9,79.94,1017,19,19,723,71.09,1017,19,19,723,71.09,19
"538","mozilla/socorro-crashstats",5,80.51,313,10,10,185,59.11,313,10,10,185,59.11,10
"539","mozilla/Socorro-Tests",8,84.62,91,15,15,12,13.19,91,15,15,12,13.19,15
"540","mozilla/solitude",3,77.19,57,6,6,54,94.74,57,6,6,54,94.74,6
"541","mozilla/sumo-tests",5,95.92,49,9,10,4,8.16,49,9,10,4,8.16,10
"542","mozilla/webpay",7,90.29,206,13,14,176,85.44,206,13,14,176,85.44,14
"543","mozilla/zamboni",14,61.09,933,46,46,727,77.92,933,46,46,727,77.92,46
"544","mperham/dalli",17,79.31,87,61,62,5,5.75,87,61,62,5,5.75,62
"545","mperham/sidekiq",37,73.46,309,191,191,23,7.44,309,191,191,23,7.44,191
"546","mrjoes/flask-admin",2,37.5,8,3,3,8,100,8,3,3,8,100,3
"547","mrkipling/maraschino",6,78.38,74,7,8,25,33.78,74,7,8,25,33.78,8
"548","mulesoft/mule",2,73.68,76,8,8,22,28.95,76,8,8,22,28.95,8
"549","musicbrainz/picard",5,12.5,8,5,6,6,75,8,5,6,6,75,5
"550","mxcl/homebrew",64,0.51,4680,1714,1715,770,16.45,4680,1714,1715,770,16.45,1714
"551","mysociety/alaveteli",5,90.83,229,12,13,68,29.69,229,12,13,68,29.69,13
"552","mysociety/pombola",2,70.83,24,5,5,22,91.67,24,5,5,22,91.67,5
"553","mytardis/mytardis",1,87.04,108,6,6,18,16.67,108,6,6,18,16.67,6
"554","nanoc/nanoc",6,72.22,36,9,9,23,63.89,36,9,9,23,63.89,9
"555","naparuba/shinken",2,11.11,9,5,5,9,100,9,5,5,9,100,5
"556","nathanmarz/storm",16,55.4,139,57,58,25,17.99,139,57,58,25,17.99,58
"557","neo4j/neo4j",11,69.95,559,31,31,215,38.46,559,31,31,215,38.46,31
"558","nesquena/rabl",20,66.13,62,48,49,5,8.06,62,48,49,5,8.06,49
"559","Netflix/astyanax",1,66.67,3,2,2,3,100,3,2,2,3,100,2
"560","Netflix/curator",6,92.56,121,17,17,96,79.34,121,17,17,96,79.34,17
"561","Netflix/Hystrix",1,0,1,1,1,1,100,1,1,1,1,100,1
"562","Netflix/Priam",3,93.33,150,17,18,118,78.67,150,17,18,118,78.67,18
"563","Netflix/RxJava",6,23.08,13,9,10,12,92.31,13,9,10,12,92.31,10
"564","Netflix/servo",2,93.33,30,3,3,27,90,30,3,3,27,90,3
"565","netty/netty",21,39.11,381,62,62,178,46.72,381,62,62,178,46.72,62
"566","networkx/networkx",10,94.59,111,19,19,78,70.27,111,19,19,78,70.27,19
"567","ne-utrino/neutrino",1,0,315,1,1,312,99.05,315,1,1,312,99.05,1
"568","newrelic/rpm",16,5.8,69,60,66,4,5.8,69,60,66,4,5.8,63
"569","nex3/sass",18,38.71,124,67,67,41,33.06,124,67,67,41,33.06,67
"570","nicolasgramlich/AndEngine",12,64.44,45,15,15,12,26.67,45,15,15,12,26.67,15
"571","NICTA/scoobi",5,34,50,10,10,24,48,50,10,10,24,48,10
"572","ninja-ide/ninja-ide",3,66.67,9,5,6,8,88.89,9,5,6,8,88.89,6
"573","nipy/dipy",6,89.92,129,8,9,16,12.4,129,8,9,16,12.4,8
"574","nipy/nibabel",3,92.75,69,7,7,62,89.86,69,7,7,62,89.86,7
"575","nipy/nipype",10,93.02,358,22,22,147,41.06,358,22,22,147,41.06,22
"576","nla/banjo",1,100,23,2,2,9,39.13,23,2,2,9,39.13,2
"577","nltk/nltk",7,75,16,9,9,3,18.75,16,9,9,3,18.75,9
"578","NoamB/sorcery",24,83.9,118,73,74,15,12.71,118,73,74,15,12.71,74
"579","non/spire",5,89.22,102,11,11,13,12.75,102,11,11,13,12.75,11
"580","norman/friendly_id",20,59.49,79,53,54,5,6.33,79,53,54,5,6.33,54
"581","Normation/rudder",1,84.02,169,6,6,27,15.98,169,6,6,27,15.98,6
"582","nose-devs/nose",4,20,5,5,6,4,80,5,5,6,4,80,6
"583","NUBIC/ncs_navigator_core",1,86.96,230,9,9,50,21.74,230,9,9,50,21.74,9
"584","NUBIC/surveyor",3,81.82,55,13,14,6,10.91,55,13,14,6,10.91,14
"585","nukomeet/coworfing",6,98.15,54,7,7,39,72.22,54,7,7,39,72.22,7
"586","OakCH/scheduler",1,40,5,1,1,5,100,5,1,1,5,100,1
"587","objectos/objectos-dojo",1,68,25,4,4,17,68,25,4,4,17,68,4
"588","ofri/Open-Knesset",2,84.62,13,4,5,2,15.38,13,4,5,2,15.38,5
"589","okfn/ckan",12,4.92,366,24,24,107,29.23,366,24,24,107,29.23,24
"590","omab/django-social-auth",31,81.56,179,117,119,12,6.7,179,117,119,12,6.7,118
"591","omaciel/robottelo",1,100,9,2,2,8,88.89,9,2,2,8,88.89,2
"592","onepercentclub/onepercentclub-site",1,94.44,378,5,5,331,87.57,378,5,5,331,87.57,5
"593","ooici/coi-services",1,91.06,660,11,11,313,47.42,660,11,11,313,47.42,11
"594","ooici/coverage-model",1,92.52,107,3,4,17,15.89,107,3,4,17,15.89,4
"595","ooici/ion-definitions",1,89.36,94,9,9,34,36.17,94,9,9,34,36.17,9
"596","ooici/ion-ux",1,57.14,21,3,4,11,52.38,21,3,4,11,52.38,4
"597","ooici/marine-integrations",1,92.59,54,5,5,29,53.7,54,5,5,29,53.7,5
"598","ooici/pyon",1,88.14,177,7,8,98,55.37,177,7,8,98,55.37,8
"599","OP2/PyOP2",1,100,2,1,1,2,100,2,1,1,2,100,1
"600","opal/opal",8,89.8,49,10,10,6,12.24,49,10,10,6,12.24,10
"601","opdemand/deis",3,100,11,4,4,6,54.55,11,4,4,6,54.55,4
"602","openfisca/openfisca",1,97.62,84,1,1,84,100,84,1,1,84,100,1
"603","openframeworks/ofSite",9,100,37,17,18,3,8.11,37,17,18,3,8.11,18
"604","opengeo/GeoGit",3,0,8,5,5,5,62.5,8,5,5,5,62.5,5
"605","openhatch/oh-mainline",3,28.57,7,6,7,5,71.43,7,6,7,5,71.43,7
"606","OpenIndiana/oi-userland",3,100,45,2,3,0,0,45,2,3,0,0,3
"607","OpenMDAO/OpenMDAO-Framework",1,95.78,521,7,7,205,39.35,521,7,7,205,39.35,7
"608","openMF/mifosx",3,75.93,108,5,6,11,10.19,108,5,6,11,10.19,6
"609","openmicroscopy/bioformats",3,58.62,58,7,7,26,44.83,58,7,7,26,44.83,7
"610","openmicroscopy/ome-documentation",3,85.35,198,14,14,54,27.27,198,14,14,54,27.27,14
"611","openmicroscopy/openmicroscopy",3,86.67,1320,14,14,411,31.14,1320,14,14,411,31.14,14
"612","opennode/opennode-knot",1,98.46,130,2,2,37,28.46,130,2,2,37,28.46,2
"613","openplans/OpenTripPlanner",10,36.96,46,12,14,1,2.17,46,12,14,1,2.17,14
"614","openshift/openshift-java-client",4,80,30,6,7,26,86.67,30,6,7,26,86.67,7
"615","openshift/origin-dev-tools",2,73.08,26,8,8,18,69.23,26,8,8,18,69.23,8
"616","openshift/origin-server",7,64.44,523,32,32,287,54.88,523,32,32,287,54.88,32
"617","openshift/rhc",2,57.45,47,11,13,31,65.96,47,11,13,31,65.96,13
"618","OpenSlides/OpenSlides",1,85.71,140,4,4,129,92.14,140,4,4,129,92.14,4
"619","openstreetmap/openstreetmap-website",8,0,104,15,15,15,14.42,104,15,15,15,14.42,15
"620","openSUSE/open-build-service",9,13.48,89,23,25,23,25.84,89,23,25,23,25.84,24
"621","opf/openproject",1,66.1,59,8,9,18,30.51,59,8,9,18,30.51,9
"622","opscode/bento",10,63.11,122,28,28,81,66.39,122,28,28,81,66.39,28
"623","opscode/chef",25,38.75,689,184,184,335,48.62,689,184,184,335,48.62,184
"624","opscode/chef-docs",9,90.38,104,46,47,4,3.85,104,46,47,4,3.85,47
"625","opscode/cookbooks",12,19.82,111,65,67,21,18.92,111,65,67,21,18.92,66
"626","opscode-cookbooks/apache2",14,48.39,62,47,49,5,8.06,62,47,49,5,8.06,48
"627","opscode-cookbooks/chef-client",11,45.88,85,48,48,13,15.29,85,48,48,13,15.29,48
"628","opscode-cookbooks/mysql",10,48.39,62,40,42,9,14.52,62,40,42,9,14.52,40
"629","opscode-cookbooks/nagios",8,0,115,24,25,37,32.17,115,24,25,37,32.17,24
"630","opscode-cookbooks/nginx",20,43.62,94,62,64,11,11.7,94,62,64,11,11.7,63
"631","opscode/knife-azure",3,71.43,63,9,10,45,71.43,63,9,10,45,71.43,9
"632","opscode/knife-ec2",9,43.33,90,52,55,33,36.67,90,52,55,33,36.67,55
"633","opscode/ohai",12,50,126,54,55,75,59.52,126,54,55,75,59.52,54
"634","opscode/omnibus-chef",1,64.29,70,17,17,56,80,70,17,17,56,80,17
"635","opscode/test-kitchen",10,0,86,43,43,32,37.21,86,43,43,32,37.21,43
"636","opsschool/curriculum",8,94.12,68,27,27,13,19.12,68,27,27,13,19.12,27
"637","osmandapp/Osmand",6,50,8,5,6,5,62.5,8,5,6,5,62.5,6
"638","OSU-Net/cyder",1,100,1,1,1,1,100,1,1,1,1,100,1
"639","otwcode/otwarchive",1,0,11,2,2,11,100,11,2,2,11,100,2
"640","overviewer/Minecraft-Overviewer",10,82.81,64,24,24,14,21.88,64,24,24,14,21.88,24
"641","owncloud/documentation",8,91.3,23,10,14,3,13.04,23,10,14,3,13.04,14
"642","padrino/padrino-framework",31,78.87,355,91,92,55,15.49,355,91,92,55,15.49,92
"643","pahimar/Equivalent-Exchange-3",5,0,10,7,7,10,100,10,7,7,10,100,7
"644","Pajk/apipie-rails",4,62.5,8,5,5,4,50,8,5,5,4,50,5
"645","Parquet/parquet-mr",2,93.02,129,11,12,62,48.06,129,11,12,62,48.06,12
"646","pat/thinking-sphinx",16,58.46,65,48,49,8,12.31,65,48,49,8,12.31,49
"647","pazz/alot",1,0,1,1,1,1,100,1,1,1,1,100,1
"648","pculture/miro",1,100,9,1,1,9,100,9,1,1,9,100,1
"649","pculture/unisubs",4,75.56,45,6,9,34,75.56,45,6,9,34,75.56,9
"650","pengwynn/octokit",10,64.62,65,38,39,7,10.77,65,38,39,7,10.77,39
"651","pennersr/django-allauth",19,58.06,93,49,50,5,5.38,93,49,50,5,5.38,50
"652","pentaho/big-data-plugin",2,95,40,4,5,16,40,40,4,5,16,40,5
"653","pentaho/data-access",3,82.43,74,9,9,41,55.41,74,9,9,41,55.41,9
"654","pentaho/mondrian",6,53.13,32,10,12,9,28.13,32,10,12,9,28.13,12
"655","pentaho/pentaho-commons-gwt-modules",4,100,34,5,7,21,61.76,34,5,7,21,61.76,7
"656","pentaho/pentaho-kettle",3,30.77,13,3,4,9,69.23,13,3,4,9,69.23,4
"657","pentaho/pentaho-platform",5,87.5,152,11,11,86,56.58,152,11,11,86,56.58,11
"658","pentaho/pentaho-reporting",3,69.39,49,5,6,32,65.31,49,5,6,32,65.31,6
"659","phalcon/docs",10,97.46,118,15,15,16,13.56,118,15,15,16,13.56,15
"660","phinze/homebrew-cask",27,64.34,272,115,115,98,36.03,272,115,115,98,36.03,115
"661","photo/mobile-android",3,66.67,3,2,3,1,33.33,3,2,3,1,33.33,3
"662","picketlink/picketlink",3,93.75,112,4,5,99,88.39,112,4,5,99,88.39,5
"663","pika/pika",17,91.18,34,26,26,2,5.88,34,26,26,2,5.88,26
"664","pivotal/jasmine-gem",9,32.73,55,47,49,3,5.45,55,47,49,3,5.45,49
"665","pivotal/pivotal_workstation",7,83.77,154,36,38,12,7.79,154,36,38,12,7.79,38
"666","pivotal-sprout/sprout",7,66,100,26,26,18,18,100,26,26,18,18,26
"667","plataformatec/devise",43,61.95,339,239,241,38,11.21,339,239,241,38,11.21,241
"668","plataformatec/simple_form",30,66.29,178,104,108,40,22.47,178,104,108,40,22.47,108
"669","playframework/play",16,0,49,31,35,10,20.41,49,31,35,10,20.41,31
"670","playframework/play1",21,96.15,78,52,56,4,5.13,78,52,56,4,5.13,56
"671","playframework/Play20",22,0,355,110,110,65,18.31,355,110,110,65,18.31,110
"672","playframework/playframework",23,90.77,390,106,106,57,14.62,390,106,106,57,14.62,106
"673","play/play",12,66.67,156,43,44,42,26.92,156,43,44,42,26.92,44
"674","plomino/Plomino",1,100,1,1,1,1,100,1,1,1,1,100,1
"675","plusjade/jekyll-bootstrap",14,55.56,54,43,44,10,18.52,54,43,44,10,18.52,44
"676","postrank-labs/goliath",12,86.36,88,48,50,10,11.36,88,48,50,10,11.36,50
"677","powercrystals/MineFactoryReloaded",1,0,1,1,1,1,100,1,1,1,1,100,1
"678","praekelt/diamondash",1,100,5,1,1,5,100,5,1,1,5,100,1
"679","praekelt/vumi",2,96.59,410,12,12,380,92.68,410,12,12,380,92.68,12
"680","praekelt/vumi-go",1,96.17,287,7,7,265,92.33,287,7,7,265,92.33,7
"681","praw-dev/praw",5,50,60,11,12,7,11.67,60,11,12,7,11.67,12
"682","prawnpdf/prawn",13,74.07,81,39,40,13,16.05,81,39,40,13,16.05,40
"683","presidentbeef/brakeman",6,92.34,235,20,20,188,80,235,20,20,188,80,20
"684","progit/progit",31,90.86,197,98,99,38,19.29,197,98,99,38,19.29,99
"685","ProgVal/Limnoria",7,70.83,72,10,11,6,8.33,72,10,11,6,8.33,11
"686","projectblacklight/blacklight",2,65.91,44,14,14,9,20.45,44,14,14,9,20.45,14
"687","projectcs13/sensor-cloud-website",3,93.68,95,3,3,62,65.26,95,3,3,62,65.26,3
"688","projecthydra/sufia",1,80,35,6,6,13,37.14,35,6,6,13,37.14,6
"689","ProjectMeniscus/meniscus",1,78.21,78,4,4,25,32.05,78,4,4,25,32.05,4
"690","projectwonder/wonder",10,45.81,155,22,22,59,38.06,155,22,22,59,38.06,22
"691","proofpoint/platform",1,94.12,34,4,4,27,79.41,34,4,4,27,79.41,4
"692","pry/pry",17,72.37,76,37,39,11,14.47,76,37,39,11,14.47,39
"693","ps3mediaserver/ps3mediaserver",2,0,12,2,2,12,100,12,2,2,12,100,2
"694","psychopy/psychopy",8,97.94,194,17,17,6,3.09,194,17,17,6,3.09,17
"695","pulp/pulp",3,95.68,324,6,6,305,94.14,324,6,6,305,94.14,6
"696","pulp/pulp_rpm",3,94.55,257,7,7,247,96.11,257,7,7,247,96.11,7
"697","puma/puma",21,73.21,112,65,66,13,11.61,112,65,66,13,11.61,66
"698","puppetlabs/marionette-collective",14,35.96,89,35,36,6,6.74,89,35,36,6,6.74,36
"699","puppetlabs/packaging",1,100,2,2,3,0,0,2,2,3,0,0,3
"700","puppetlabs/puppet-acceptance",1,78.18,55,12,14,20,36.36,55,12,14,20,36.36,14
"701","puppetlabs/puppet-dashboard",8,0,103,27,32,22,21.36,103,27,32,22,21.36,27
"702","puppetlabs/puppet-docs",10,82.18,174,55,58,16,9.2,174,55,58,16,9.2,58
"703","puppetlabs/puppetlabs-apache",9,69.77,43,24,28,12,27.91,43,24,28,12,27.91,28
"704","puppetlabs/puppetlabs-cloud_provisioner",4,88.41,69,19,21,8,11.59,69,19,21,8,11.59,21
"705","puppetlabs/puppetlabs-firewall",7,61.11,72,22,23,24,33.33,72,22,23,24,33.33,23
"706","puppetlabs/puppetlabs-keystone",8,16.67,78,14,14,47,60.26,78,14,14,47,60.26,14
"707","puppetlabs/puppetlabs-nova",8,9.09,44,15,15,22,50,44,15,15,22,50,15
"708","puppetlabs/puppetlabs-rabbitmq",6,81.82,22,11,12,9,40.91,22,11,12,9,40.91,12
"709","puppetlabs/puppetlabs-stdlib",12,57.76,116,48,51,40,34.48,116,48,51,40,34.48,51
"710","puppetlabs/Razor",6,90.7,86,15,15,61,70.93,86,15,15,61,70.93,15
"711","PyBossa/pybossa",6,97.83,138,7,7,124,89.86,138,7,7,124,89.86,7
"712","pyca/cryptography",4,92.15,242,9,9,14,5.79,242,9,9,14,5.79,9
"713","pydata/pandas",15,62.95,448,57,57,262,58.48,448,57,57,262,58.48,57
"714","pyinstaller/pyinstaller",3,0,2,2,3,1,50,2,2,3,1,50,2
"715","pyload/pyload",2,0,2,2,2,2,100,2,2,2,2,100,2
"716","Pylons/deform",15,76.47,85,34,37,10,11.76,85,34,37,10,11.76,36
"717","Pylons/pyramid",27,82.14,459,115,117,42,9.15,459,115,117,42,9.15,117
"718","pypa/pip",26,74.77,325,93,94,165,50.77,325,93,94,165,50.77,94
"719","pypa/virtualenv",15,77.01,87,43,45,25,28.74,87,43,45,25,28.74,45
"720","qiime/qiime",2,94.95,218,11,11,11,5.05,218,11,11,11,5.05,11
"721","qos-ch/logback",13,83.33,48,16,17,27,56.25,48,16,17,27,56.25,17
"722","qtile/qtile",11,37.14,35,22,23,7,20,35,22,23,7,20,23
"723","quantopian/zipline",6,38.03,71,13,13,22,30.99,71,13,13,22,30.99,13
"724","rackerlabs/otter",1,87.67,73,9,10,38,52.05,73,9,10,38,52.05,10
"725","rackerlabs/repose",1,94.09,220,4,4,159,72.27,220,4,4,159,72.27,4
"726","rackerlabs/stacktach",2,100,31,2,2,30,96.77,31,2,2,30,96.77,2
"727","rackspace/pyrax",1,30,10,6,6,10,100,10,6,6,10,100,6
"728","rackspace-titan/qonos",1,0,5,2,3,4,80,5,2,3,4,80,2
"729","radar/forem",23,70.79,89,39,39,13,14.61,89,39,39,13,14.61,39
"730","rails-api/active_model_serializers",30,67.79,149,83,88,16,10.74,149,83,88,16,10.74,88
"731","RailsApps/rails_apps_composer",6,20,10,9,10,7,70,10,9,10,7,70,10
"732","railsbridge/bridge_troll",1,86.11,72,20,20,12,16.67,72,20,20,12,16.67,20
"733","railsbridge/docs",3,77.55,98,44,45,18,18.37,98,44,45,18,18.37,45
"734","railsforcharity/spokenvote",1,89.42,208,5,5,92,44.23,208,5,5,92,44.23,5
"735","rails/rails",70,70.31,6137,1316,1323,807,13.15,6137,1316,1323,807,13.15,1320
"736","rails/strong_parameters",21,62.9,62,46,55,11,17.74,62,46,55,11,17.74,54
"737","ralsina/nikola",7,0,10,9,9,7,70,10,9,9,7,70,9
"738","rapid7/metasploit-framework",20,35.07,211,45,47,93,44.08,211,45,47,93,44.08,46
"739","rapidftr/RapidFTR---Android",2,33.33,3,3,4,2,66.67,3,3,4,2,66.67,4
"740","rapidsms/rapidsms",3,80.56,108,12,12,81,75,108,12,12,81,75,12
"741","rcbops/chef-cookbooks",3,90.1,192,11,12,60,31.25,192,11,12,60,31.25,12
"742","rcbops-cookbooks/glance",1,75,16,6,6,5,31.25,16,6,6,5,31.25,6
"743","rcbops-cookbooks/horizon",1,33.33,24,5,6,17,70.83,24,5,6,17,70.83,6
"744","rcbops-cookbooks/keystone",1,96.15,26,5,5,2,7.69,26,5,5,2,7.69,5
"745","rcbops-cookbooks/nova",1,88.33,60,9,9,8,13.33,60,9,9,8,13.33,9
"746","rcbops-cookbooks/swift",1,67.86,28,4,4,12,42.86,28,4,4,12,42.86,4
"747","rcbops-cookbooks/swift-private-cloud",3,70.83,48,4,4,35,72.92,48,4,4,35,72.92,4
"748","reciprocity/ggrc-core",2,83.62,116,5,5,30,25.86,116,5,5,30,25.86,5
"749","reddit/reddit",11,1.05,95,47,50,11,11.58,95,47,50,11,11.58,48
"750","reddit/reddit-i18n",12,20,20,18,18,7,35,20,18,18,7,35,18
"751","reddmetrics/forma-clj",1,88.37,43,3,3,21,48.84,43,3,3,21,48.84,3
"752","RedHatQE/cfme_pages",2,84.09,44,4,4,6,13.64,44,4,4,6,13.64,4
"753","RedHatQE/cfme_tests",3,87.72,57,5,5,6,10.53,57,5,5,6,10.53,5
"754","redis/redis-rb",18,68.83,77,45,46,18,23.38,77,45,46,18,23.38,46
"755","redline-smalltalk/redline-smalltalk",4,100,134,10,10,110,82.09,134,10,10,110,82.09,10
"756","refinery/refinerycms",40,80.52,811,191,192,78,9.62,811,191,192,78,9.62,192
"757","refinery/refinerycms-blog",20,85.5,131,47,49,13,9.92,131,47,49,13,9.92,49
"758","rembo10/headphones",4,0,6,5,5,6,100,6,5,5,6,100,5
"759","renpy/renpy",2,33.33,3,2,2,3,100,3,2,2,3,100,2
"760","resolve/refinerycms",11,0,48,20,20,5,10.42,48,20,20,5,10.42,20
"761","resque/resque",36,55.1,343,190,192,47,13.7,343,190,192,47,13.7,192
"762","resteasy/Resteasy",13,94.21,328,24,24,247,75.3,328,24,24,247,75.3,24
"763","rg3/youtube-dl",17,67,100,38,38,25,25,100,38,38,25,25,38
"764","rightscale/right_link",3,75.86,58,9,9,27,46.55,58,9,9,27,46.55,9
"765","rightscale/rightscale_cookbooks",4,67.39,46,7,7,33,71.74,46,7,7,33,71.74,7
"766","rightscale/right_support",3,87.5,24,8,8,13,54.17,24,8,8,13,54.17,8
"767","RiotGames/berkshelf",7,77.59,348,47,47,147,42.24,348,47,47,147,42.24,47
"768","RiotGames/ridley",4,95.65,161,17,17,97,60.25,161,17,17,97,60.25,17
"769","Rip-Rip/clang_complete",4,62.5,32,6,6,23,71.88,32,6,6,23,71.88,6
"770","robworth/patientview",1,100,18,1,1,18,100,18,1,1,18,100,1
"771","ronnix/fabtools",10,71.15,52,24,25,6,11.54,52,24,25,6,11.54,25
"772","rootpy/rootpy",2,100,7,2,2,7,100,7,2,2,7,100,2
"773","ros/catkin",7,78.57,98,18,19,37,37.76,98,18,19,37,37.76,19
"774","rosedu/wouso",2,90.63,32,12,12,4,12.5,32,12,12,4,12.5,12
"775","ros/rosdistro",11,89.47,608,43,44,227,37.34,608,43,44,227,37.34,44
"776","RS485/LogisticsPipes",3,50,2,2,3,1,50,2,2,3,1,50,3
"777","rsim/oracle-enhanced",10,84.18,158,26,27,120,75.95,158,26,27,120,75.95,27
"778","rspec/rspec-core",28,71.87,423,127,129,148,34.99,423,127,129,148,34.99,129
"779","rspec/rspec-expectations",18,82.32,164,52,53,77,46.95,164,52,53,77,46.95,53
"780","rspec/rspec-mocks",16,84.94,239,62,63,102,42.68,239,62,63,102,42.68,63
"781","rspec/rspec-rails",23,67.31,156,92,94,36,23.08,156,92,94,36,23.08,93
"782","rtfd/readthedocs.org",14,91.55,142,51,52,17,11.97,142,51,52,17,11.97,52
"783","rtomayko/tilt",14,70,70,39,39,16,22.86,70,39,39,16,22.86,39
"784","rubber/rubber",9,80,30,16,17,10,33.33,30,16,17,10,33.33,17
"785","rubinius/rubinius",34,76.95,538,176,185,73,13.57,538,176,185,73,13.57,184
"786","rubycas/rubycas-server",9,70,30,19,20,3,10,30,19,20,3,10,20
"787","rubygems/rubygems",20,66.67,195,99,103,17,8.72,195,99,103,17,8.72,103
"788","rubygems/rubygems.org",19,67.65,136,92,96,22,16.18,136,92,96,22,16.18,96
"789","RubyMoney/money",28,77,100,61,61,22,22,100,61,61,22,22,61
"790","rubymotion/BubbleWrap",16,86.54,52,36,37,9,17.31,52,36,37,9,17.31,37
"791","ruby/ruby",21,0.82,122,82,90,23,18.85,122,82,90,23,18.85,82
"792","ruby-sapporo/sapporo.rubykaigi.org",2,93.44,61,13,13,3,4.92,61,13,13,3,4.92,13
"793","rubyspec/rubyspec",13,83.02,53,29,33,6,11.32,53,29,33,6,11.32,33
"794","ruby/www.ruby-lang.org",20,86.23,167,54,56,79,47.31,167,54,56,79,47.31,55
"795","RuudBurger/CouchPotato",5,0,9,8,9,1,11.11,9,8,9,1,11.11,8
"796","RuudBurger/CouchPotatoServer",17,40.86,93,45,46,15,16.13,93,45,46,15,16.13,46
"797","ryanb/cancan",19,58.73,63,51,55,15,23.81,63,51,55,15,23.81,54
"798","ryanb/nested_form",19,46.67,60,47,49,9,15,60,47,49,9,15,49
"799","ryandotsmith/queue_classic",15,72.41,87,45,47,15,17.24,87,45,47,15,17.24,46
"800","ryanmcgrath/twython",8,72.97,37,15,15,20,54.05,37,15,15,20,54.05,15
"801","s3tools/s3cmd",10,81.82,44,39,40,5,11.36,44,39,40,5,11.36,40
"802","Sage-Bionetworks/synapsePythonClient",1,87.32,71,2,5,30,42.25,71,2,5,30,42.25,5
"803","Sage-Bionetworks/Synapse-Repository-Services",1,94.01,785,11,12,232,29.55,785,11,12,232,29.55,12
"804","Sage-Bionetworks/SynapseWebClient",1,94.44,684,10,12,236,34.5,684,10,12,236,34.5,12
"805","sagemath/sagecell",1,77.78,9,3,3,6,66.67,9,3,3,6,66.67,3
"806","sakaiproject/sakai-widgetlibrary",3,0,54,4,5,7,12.96,54,4,5,7,12.96,4
"807","saltstack/salt",34,93.71,2035,249,250,178,8.75,2035,249,250,178,8.75,250
"808","saltstack/salt-cloud",5,45.45,22,9,10,13,59.09,22,9,10,13,59.09,10
"809","sampsyo/beets",12,76.19,84,33,34,12,14.29,84,33,34,12,14.29,34
"810","samuelclay/NewsBlur",13,58.33,48,32,33,4,8.33,48,32,33,4,8.33,33
"811","sanemat/gist-mail",1,91.89,37,2,2,31,83.78,37,2,2,31,83.78,2
"812","sanger/lims-api",1,55.26,38,2,2,36,94.74,38,2,2,36,94.74,2
"813","sanger/lims-core",1,62.07,29,2,2,27,93.1,29,2,2,27,93.1,2
"814","sanger/lims-laboratory-app",1,75.47,53,2,2,49,92.45,53,2,2,49,92.45,2
"815","sanger-pathogens/Artemis",1,100,119,1,1,119,100,119,1,1,119,100,1
"816","sanger/sequencescape",2,85.47,172,6,6,147,85.47,172,6,6,147,85.47,6
"817","sap-production/xcode-maven-plugin",1,100,1,1,1,1,100,1,1,1,1,100,1
"818","sbrunner/tilecloud-chain",1,98.06,103,2,2,100,97.09,103,2,2,100,97.09,2
"819","sbt/sbt",10,18.42,38,17,17,36,94.74,38,17,17,36,94.74,17
"820","scala-ide/scala-ide",11,78.6,430,17,17,380,88.37,430,17,17,380,88.37,17
"821","scala/legacy-svn-scala",7,0,30,9,10,17,56.67,30,9,10,17,56.67,9
"822","scala/scala",18,66.44,897,59,59,491,54.74,897,59,59,491,54.74,59
"823","scala/scala-dist",7,97.14,35,15,15,17,48.57,35,15,15,17,48.57,15
"824","scalatest/scalatest",2,0,6,2,2,6,100,6,2,2,6,100,2
"825","scalatra/scalatra",13,88.46,104,30,31,13,12.5,104,30,31,13,12.5,31
"826","scalaz/scalaz",10,86.85,289,31,32,53,18.34,289,31,32,53,18.34,32
"827","scambra/devise_invitable",3,0,3,3,3,3,100,3,3,3,3,100,3
"828","scieloorg/SciELO-Manager",1,85.07,469,5,5,189,40.3,469,5,5,189,40.3,5
"829","scikit-image/scikit-image",9,87.78,90,21,21,26,28.89,90,21,21,26,28.89,21
"830","SciTools/iris",1,44.44,18,2,2,13,72.22,18,2,2,13,72.22,2
"831","scoutapp/scout-plugins",3,88.89,9,6,6,3,33.33,9,6,6,3,33.33,6
"832","scrapy/scrapy",20,71.76,170,49,49,33,19.41,170,49,49,33,19.41,49
"833","screenconcept/kuhsaft",1,90.28,72,3,3,21,29.17,72,3,3,21,29.17,3
"834","scudderfish/MSLoggerBase",1,100,5,1,1,5,100,5,1,1,5,100,1
"835","sensu/sensu",2,0,7,4,4,7,100,7,4,4,7,100,4
"836","sensu/sensu-chef",2,40,5,3,3,5,100,5,3,3,5,100,3
"837","sensu/sensu-community-plugins",12,85.29,102,44,45,26,25.49,102,44,45,26,25.49,44
"838","seomoz/askari",1,98.77,81,1,1,81,100,81,1,1,81,100,1
"839","serge-sans-paille/pythran",1,0,1,1,1,1,100,1,1,1,1,100,1
"840","serverspec/serverspec",6,97.85,186,27,27,124,66.67,186,27,27,124,66.67,27
"841","seyhunak/twitter-bootstrap-rails",32,90.05,191,136,137,11,5.76,191,136,137,11,5.76,137
"842","sferik/rails_admin",36,70.24,336,183,185,47,13.99,336,183,185,47,13.99,185
"843","sferik/twitter",16,76.53,98,67,67,6,6.12,98,67,67,6,6.12,67
"844","shazow/urllib3",13,78.38,74,44,44,12,16.22,74,44,44,12,16.22,44
"845","shellycloud/shelly",1,100,4,1,1,4,100,4,1,1,4,100,1
"846","shoes/shoes4",4,73.33,30,9,11,16,53.33,30,9,11,16,53.33,11
"847","Shopify/active_merchant",33,38.77,503,196,199,158,31.41,503,196,199,158,31.41,198
"848","Shopify/liquid",12,62.34,77,41,42,41,53.25,77,41,42,41,53.25,42
"849","sightmachine/SimpleCV",12,92.9,155,28,29,9,5.81,155,28,29,9,5.81,29
"850","Silverpeas/Silverpeas-Components",1,20,5,4,4,3,60,5,4,4,3,60,4
"851","Silverpeas/Silverpeas-Core",2,66.67,12,5,5,4,33.33,12,5,5,4,33.33,5
"852","sk89q/commandhelper",1,0,1,1,1,1,100,1,1,1,1,100,1
"853","sk89q/craftbook",2,100,2,1,2,0,0,2,1,2,0,0,2
"854","sk89q/worldedit",7,21.21,33,15,17,13,39.39,33,15,17,13,39.39,15
"855","sk89q/worldguard",7,37.5,16,10,13,3,18.75,16,10,13,3,18.75,13
"856","skwp/dotfiles",17,79.69,64,36,37,5,7.81,64,36,37,5,7.81,37
"857","skyscreamer/yoga",1,91.67,156,4,4,82,52.56,156,4,4,82,52.56,4
"858","sleuthkit/autopsy",1,0,10,2,2,10,100,10,2,2,10,100,2
"859","slick/slick",7,82.02,89,14,14,59,66.29,89,14,14,59,66.29,14
"860","Slowpoke101/FTBLaunch",3,11.11,9,2,3,8,88.89,9,2,3,8,88.89,3
"861","softlayer/softlayer-api-python-client",1,0,2,1,1,2,100,2,1,1,2,100,1
"862","solnic/virtus",20,71.43,91,41,41,14,15.38,91,41,41,14,15.38,41
"863","sonatype/nexus",7,94.41,644,12,12,610,94.72,644,12,12,610,94.72,12
"864","sonatype/nexus-oss",5,90.15,264,6,6,251,95.08,264,6,6,251,95.08,6
"865","sosreport/sosreport",7,56.52,46,8,8,20,43.48,46,8,8,20,43.48,8
"866","sourcefabric/Superdesk",1,50,2,1,1,2,100,2,1,1,2,100,1
"867","sparklemotion/nokogiri",13,73.49,83,42,44,19,22.89,83,42,44,19,22.89,44
"868","spotify/luigi",6,45,20,13,14,10,50,20,13,14,10,50,14
"869","SpoutDev/Spout",9,77.42,93,15,18,20,21.51,93,15,18,20,21.51,17
"870","spray/spray",14,90.91,209,37,37,60,28.71,209,37,37,60,28.71,37
"871","spree/spree",43,2.25,1110,238,239,187,16.85,1110,238,239,187,16.85,238
"872","spree/spree_active_shipping",6,32.61,46,13,17,20,43.48,46,13,17,20,43.48,15
"873","spree/spree-guides",15,48.44,64,42,46,4,6.25,64,42,46,4,6.25,45
"874","spree/spree_i18n",31,57.62,151,76,82,15,9.93,151,76,82,15,9.93,82
"875","SpringSource/spring-amqp",3,0,75,9,9,8,10.67,75,9,9,8,10.67,9
"876","SpringSource/spring-batch",8,0,89,16,17,48,53.93,89,16,17,48,53.93,16
"877","SpringSource/spring-framework",8,18.18,33,15,15,10,30.3,33,15,15,10,30.3,15
"878","SpringSource/spring-integration",6,0,424,14,14,71,16.75,424,14,14,71,16.75,14
"879","SpringSource/spring-social",4,50.94,53,5,5,49,92.45,53,5,5,49,92.45,5
"880","square/dagger",4,89.47,76,9,9,47,61.84,76,9,9,47,61.84,9
"881","square/okhttp",2,80,10,2,2,9,90,10,2,2,9,90,2
"882","square/picasso",11,53.85,39,21,21,17,43.59,39,21,21,17,43.59,21
"883","square/retrofit",8,80.85,94,28,32,38,40.43,94,28,32,38,40.43,32
"884","sricola/socode",20,78.33,60,51,52,13,21.67,60,51,52,13,21.67,52
"885","sstephenson/sprockets",20,61.82,110,71,71,22,20,110,71,71,22,20,71
"886","statsmodels/statsmodels",3,30,20,6,6,20,100,20,6,6,20,100,6
"887","stefanfoulis/django-filer",13,65.71,35,23,23,12,34.29,35,23,23,12,34.29,23
"888","stephenmcd/mezzanine",26,80.36,224,88,89,24,10.71,224,88,89,24,10.71,89
"889","sugarlabs/sugar",1,0,1,1,1,1,100,1,1,1,1,100,1
"890","sunlightlabs/openstates",4,81.82,33,11,13,1,3.03,33,11,13,1,3.03,13
"891","sunpy/sunpy",5,55.17,29,5,5,26,89.66,29,5,5,26,89.66,5
"892","sunspot/sunspot",15,68.48,92,55,57,24,26.09,92,55,57,24,26.09,57
"893","Supervisor/supervisor",15,74.51,51,33,35,5,9.8,51,33,35,5,9.8,35
"894","sup-heliotrope/sup",4,54.93,71,4,4,62,87.32,71,4,4,62,87.32,4
"895","svenfuchs/rails-i18n",49,72.73,143,98,100,8,5.59,143,98,100,8,5.59,100
"896","swanson/stringer",21,82.83,99,49,49,5,5.05,99,49,49,5,5.05,49
"897","swcarpentry/website",4,93.4,318,14,15,207,65.09,318,14,15,207,65.09,15
"898","sympy/sympy",18,55.92,245,49,50,179,73.06,245,49,50,179,73.06,50
"899","tangentlabs/django-oscar",13,39.05,169,45,45,65,38.46,169,45,45,65,38.46,45
"900","tannn/TriviaTime",1,100,8,1,1,8,100,8,1,1,8,100,1
"901","tansaku/LocalSupport",3,70,20,4,4,9,45,20,4,4,9,45,4
"902","tdiary/tdiary-core",1,97.75,89,11,11,45,50.56,89,11,11,45,50.56,11
"903","technoweenie/faraday",6,0,20,17,18,4,20,20,17,18,4,20,17
"904","Teiid-Designer/teiid-designer",2,97.84,139,3,3,15,10.79,139,3,3,15,10.79,3
"905","teiid/teiid",1,0,4,1,1,4,100,4,1,1,4,100,1
"906","tgalal/wazapp",5,54.17,48,4,5,13,27.08,48,4,5,13,27.08,5
"907","Theano/Theano",2,44,25,6,6,14,56,25,6,6,14,56,6
"908","The-Dream-Team/Tardis",1,66.67,3,1,1,3,100,3,1,1,3,100,1
"909","theforeman/foreman",14,5.45,422,47,47,82,19.43,422,47,47,82,19.43,47
"910","theforeman/smart-proxy",12,7.58,66,24,24,13,19.7,66,24,24,13,19.7,24
"911","thelabtech/missionhub",2,0,3,3,3,3,100,3,3,3,3,100,3
"912","theodi/frontend-www",1,98.28,58,5,5,6,10.34,58,5,5,6,10.34,5
"913","thomas-mcdonald/bootstrap-sass",22,38.67,75,58,58,13,17.33,75,58,58,13,17.33,58
"914","thoughtbot/bourbon",18,63.33,90,67,67,7,7.78,90,67,67,7,7.78,67
"915","thoughtbot/capybara-webkit",22,42.86,161,88,89,50,31.06,161,88,89,50,31.06,88
"916","thoughtbot/clearance",9,69.32,88,34,35,56,63.64,88,34,35,56,63.64,34
"917","thoughtbot/factory_girl",20,45.3,117,68,69,35,29.91,117,68,69,35,29.91,69
"918","thoughtbot/paperclip",37,31.76,233,172,173,34,14.59,233,172,173,34,14.59,172
"919","thoughtbot/shoulda-matchers",17,46.67,120,71,72,50,41.67,120,71,72,50,41.67,72
"920","thoughtbot/suspenders",8,51.11,90,31,32,58,64.44,90,31,32,58,64.44,31
"921","till/easybib-cookbooks",2,96.08,51,7,7,31,60.78,51,7,7,31,60.78,7
"922","tinkerpop/blueprints",12,79.49,39,19,19,4,10.26,39,19,19,4,10.26,19
"923","toastdriven/django-haystack",17,21.35,89,59,60,25,28.09,89,59,60,25,28.09,59
"924","toastdriven/django-tastypie",27,10.8,176,98,99,62,35.23,176,98,99,62,35.23,99
"925","todoroo/astrid",2,85.71,14,4,4,11,78.57,14,4,4,11,78.57,4
"926","tomchristie/django-rest-framework",29,68.85,382,149,150,82,21.47,382,149,150,82,21.47,150
"927","topazproject/topaz",11,90.24,369,24,24,26,7.05,369,24,24,26,7.05,24
"928","torquebox/torquebox",14,71.68,113,37,40,19,16.81,113,37,40,19,16.81,40
"929","translate/pootle",3,64.71,34,4,4,33,97.06,34,4,4,33,97.06,4
"930","travis-ci/travis-build",7,86.67,75,16,16,23,30.67,75,16,16,23,30.67,16
"931","travis-ci/travis-ci",20,79.03,124,59,61,28,22.58,124,59,61,28,22.58,61
"932","travis-ci/travis-cookbooks",13,78.38,37,20,21,9,24.32,37,20,21,9,24.32,21
"933","travis-ci/travis-core",13,84.31,153,26,27,73,47.71,153,26,27,73,47.71,27
"934","Tribler/dispersy",1,90.91,11,1,1,11,100,11,1,1,11,100,1
"935","Tribler/tribler",1,96.55,29,1,1,29,100,29,1,1,29,100,1
"936","twall/jna",7,78.13,32,10,10,13,40.63,32,10,10,13,40.63,10
"937","tweepy/tweepy",6,0,9,9,9,9,100,9,9,9,9,100,9
"938","twitter/algebird",2,92.77,83,13,13,8,9.64,83,13,13,8,9.64,13
"939","twitter/commons",1,81.36,118,14,14,22,18.64,118,14,14,22,18.64,14
"940","twitter/finagle",9,26.67,75,34,38,15,20,75,34,38,15,20,34
"941","twitter/scalding",13,88.67,309,37,38,42,13.59,309,37,38,42,13.59,38
"942","twitter/summingbird",1,97.56,123,7,7,12,9.76,123,7,7,12,9.76,7
"943","twitter/twitter-cldr-rb",5,80.26,76,10,10,26,34.21,76,10,10,26,34.21,10
"944","twitter/zipkin",2,7.85,191,11,11,178,93.19,191,11,11,178,93.19,11
"945","twoscoops/django-admin2",8,0,77,17,17,12,15.58,77,17,17,12,15.58,17
"946","typesafehub/activator",3,85.71,28,5,5,8,28.57,28,5,5,8,28.57,5
"947","typhoeus/typhoeus",11,71.43,63,48,48,9,14.29,63,48,48,9,14.29,48
"948","uDig/udig-platform",5,75.86,29,8,9,5,17.24,29,8,9,5,17.24,9
"949","ukhas/habitat",2,85.59,111,5,5,6,5.41,111,5,5,6,5.41,5
"950","unbit/uwsgi-docs",12,96.49,57,18,19,2,3.51,57,18,19,2,3.51,19
"951","unclebob/fitnesse",7,84.47,103,15,17,47,45.63,103,15,17,47,45.63,17
"952","undertow-io/undertow",2,28.57,7,2,2,7,100,7,2,2,7,100,2
"953","unepwcmc/SAPI",1,98.08,156,5,5,16,10.26,156,5,5,16,10.26,5
"954","UniversalMediaServer/UniversalMediaServer",1,12.5,8,1,1,8,100,8,1,1,8,100,1
"955","unknown-horizons/unknown-horizons",6,37.5,24,8,9,12,50,24,8,9,12,50,9
"956","U-Play/profiles",1,68.47,111,2,2,111,100,111,2,2,111,100,2
"957","upverter/schematic-file-converter",4,93.55,93,6,6,4,4.3,93,6,6,4,4.3,6
"958","UWE-Ruby/RubyFall2012",1,48,25,13,13,1,4,25,13,13,1,4,13
"959","UWE-Ruby/RubyFall2013",1,16.67,6,3,4,5,83.33,6,3,4,5,83.33,4
"960","valotrading/stirling",1,97.58,124,5,5,8,6.45,124,5,5,8,6.45,5
"961","VanillaDev/Vanilla",8,0,48,13,18,11,22.92,48,13,18,11,22.92,13
"962","vcr/vcr",10,85.25,61,25,26,28,45.9,61,25,26,28,45.9,26
"963","Veraticus/Dynamoid",9,91.89,74,19,20,11,14.86,74,19,20,11,14.86,20
"964","vmw-tmpst/heroapp-LetsHire",1,0,1,1,1,1,100,1,1,1,1,100,1
"965","void256/nifty-gui",5,93.97,116,11,11,6,5.17,116,11,11,6,5.17,11
"966","wajam/mry",3,97.73,44,5,5,42,95.45,44,5,5,42,95.45,5
"967","wajam/nrv",3,95.12,41,5,5,40,97.56,41,5,5,40,97.56,5
"968","web2py/web2py",5,0,7,5,5,7,100,7,5,5,7,100,5
"969","webbukkit/dynmap",1,100,3,1,1,3,100,3,1,1,3,100,1
"970","webnotes/erpnext",4,91.46,164,10,10,132,80.49,164,10,10,132,80.49,10
"971","webpy/webpy",2,33.33,3,3,4,2,66.67,3,3,4,2,66.67,4
"972","webyast/webyast",2,91.67,48,4,5,37,77.08,48,4,5,37,77.08,5
"973","weld/core",5,0,14,8,8,13,92.86,14,8,8,13,92.86,8
"974","weppos/whois",12,70,50,20,20,6,12,50,20,20,6,12,20
"975","WFP-Dubai/ETS",3,94.57,92,3,3,84,91.3,92,3,3,84,91.3,3
"976","wildfly/wildfly",13,27.83,230,36,36,101,43.91,230,36,36,101,43.91,36
"977","WindowsAzure/azure-sdk-for-java",6,83.47,121,14,14,75,61.98,121,14,14,75,61.98,14
"978","wingedmonkey/wingedmonkey",2,71.43,14,4,4,7,50,14,4,4,7,50,4
"979","wlanslovenija/PiplMesh",1,0,9,3,3,9,100,9,3,3,9,100,3
"980","wordpress-mobile/WordPress-Android",4,40.91,22,5,5,17,77.27,22,5,5,17,77.27,5
"981","wr0ngway/rubber",1,33.33,3,3,4,0,0,3,3,4,0,0,4
"982","wuetherich/bundlemaker",1,0,4,1,1,4,100,4,1,1,4,100,1
"983","wycats/thor",13,51.35,37,29,30,2,5.41,37,29,30,2,5.41,30
"984","xetorthio/jedis",11,75,44,24,24,12,27.27,44,24,24,12,27.27,24
"985","xwiki/xwiki-platform",3,77.27,22,6,10,11,50,22,6,10,11,50,10
"986","yahoo/oozie",2,100,7,3,3,4,57.14,7,3,3,4,57.14,3
"987","yammer/sched.do",1,0,127,5,5,121,95.28,127,5,5,121,95.28,5
"988","yast/ycp-killer",1,95.03,342,4,4,30,8.77,342,4,4,30,8.77,4
"989","Yelp/mrjob",6,84.28,299,34,34,84,28.09,299,34,34,84,28.09,34
"990","Yelp/Testify",2,88.04,92,20,20,25,27.17,92,20,20,25,27.17,20
"991","Yelp/Tron",3,95.04,121,8,9,82,67.77,121,8,9,82,67.77,9
"992","yusuke/twitter4j",11,97.83,46,28,29,2,4.35,46,28,29,2,4.35,29
"993","zanata/zanata-server",2,91.58,273,7,7,30,10.99,273,7,7,30,10.99,7
"994","zendframework/zf2-documentation",30,40.39,255,90,92,26,10.2,255,90,92,26,10.2,92
"995","zeromq/pyzmq",8,88.59,149,19,19,122,81.88,149,19,19,122,81.88,19
"996","ZeusWPI/Gandalf",1,100,109,3,3,101,92.66,109,3,3,101,92.66,3
"997","ZooTypers/ZooTypers",1,87.27,55,2,2,55,100,55,2,2,55,100,2
"998","zsh-users/zsh-completions",18,83.82,68,40,41,8,11.76,68,40,41,8,11.76,41
"999","zznate/intravert-ug",2,100,6,3,3,1,16.67,6,3,3,1,16.67,3
